Cluster power ranking (clustered only)

name = base
MIN_AMP = 0.2
THR = 0.1
WHITE_NOISE_THRESHOLD = 0.02
WPS_NOISE_THRESHOLD = 8.0

rank  kcl      P_abs           P_pct
   1    1   2.906926e+04    23.38%
   2    0   2.485400e+04    19.99%
   3    4   2.226324e+04    17.91%
   4    2   7.456044e+03     6.00%
   5    6   4.645975e+03     3.74%
   6    3   3.811809e+03     3.07%
   7    5   2.550825e+03     2.05%
   8   13   1.887571e+03     1.52%
   9   11   1.677660e+03     1.35%
  10   28   1.523054e+03     1.23%
  11   14   1.349386e+03     1.09%
  12   16   1.311672e+03     1.06%
  13   39   1.200138e+03     0.97%
  14   27   1.191776e+03     0.96%
  15   38   1.011357e+03     0.81%
  16   67   7.387905e+02     0.59%
  17    8   7.150418e+02     0.58%
  18    9   7.032443e+02     0.57%
  19   10   6.748063e+02     0.54%
  20   45   5.081521e+02     0.41%
  21   70   4.997390e+02     0.40%
  22   21   4.886137e+02     0.39%
  23   46   4.884256e+02     0.39%
  24   29   4.799484e+02     0.39%
  25   56   4.626819e+02     0.37%
  26  128   4.248817e+02     0.34%
  27   71   4.130067e+02     0.33%
  28   20   3.988685e+02     0.32%
  29   73   3.659005e+02     0.29%
  30   34   3.445282e+02     0.28%
  31  126   2.878624e+02     0.23%
  32   40   2.815629e+02     0.23%
  33   33   2.673026e+02     0.22%
  34   18   2.464612e+02     0.20%
  35   32   2.455856e+02     0.20%
  36   97   2.385091e+02     0.19%
  37   72   2.287900e+02     0.18%
  38   30   2.271029e+02     0.18%
  39   62   2.256611e+02     0.18%
  40    7   2.228150e+02     0.18%
  41   31   2.092131e+02     0.17%
  42  104   2.088034e+02     0.17%
  43   43   2.043169e+02     0.16%
  44  117   1.977739e+02     0.16%
  45   87   1.970734e+02     0.16%
  46   50   1.964877e+02     0.16%
  47  154   1.943144e+02     0.16%
  48   44   1.940990e+02     0.16%
  49   25   1.863181e+02     0.15%
  50   53   1.798815e+02     0.14%
  51   48   1.674842e+02     0.13%
  52   66   1.627111e+02     0.13%
  53  111   1.493548e+02     0.12%
  54   41   1.420524e+02     0.11%
  55  113   1.392593e+02     0.11%
  56   64   1.248749e+02     0.10%
  57   36   1.216090e+02     0.10%
  58  115   1.175330e+02     0.09%
  59   83   1.134863e+02     0.09%
  60  121   1.110456e+02     0.09%
  61  108   1.043353e+02     0.08%
  62   42   1.039998e+02     0.08%
  63   58   1.036162e+02     0.08%
  64   59   1.001967e+02     0.08%
  65   12   9.577530e+01     0.08%
  66   15   9.496597e+01     0.08%
  67  139   9.248468e+01     0.07%
  68  120   9.118277e+01     0.07%
  69   93   8.723964e+01     0.07%
  70  174   8.653142e+01     0.07%
  71  158   8.441275e+01     0.07%
  72   47   8.384959e+01     0.07%
  73  148   8.217441e+01     0.07%
  74  155   7.921330e+01     0.06%
  75   26   7.662060e+01     0.06%
  76   84   7.606920e+01     0.06%
  77   23   7.377110e+01     0.06%
  78   55   7.274304e+01     0.06%
  79  109   7.190361e+01     0.06%
  80  150   6.965254e+01     0.06%
  81   52   6.945937e+01     0.06%
  82   99   6.841415e+01     0.06%
  83   60   6.561289e+01     0.05%
  84  132   6.197095e+01     0.05%
  85  181   6.191326e+01     0.05%
  86  118   6.024596e+01     0.05%
  87  124   5.966460e+01     0.05%
  88   19   5.815515e+01     0.05%
  89  100   5.811121e+01     0.05%
  90  156   5.787512e+01     0.05%
  91  147   5.769110e+01     0.05%
  92   49   5.762577e+01     0.05%
  93   35   5.730885e+01     0.05%
  94  159   5.702685e+01     0.05%
  95   78   5.627224e+01     0.05%
  96  105   5.272545e+01     0.04%
  97   17   5.242940e+01     0.04%
  98   61   5.240017e+01     0.04%
  99   88   5.070683e+01     0.04%
 100  119   5.046784e+01     0.04%
 101   77   5.028646e+01     0.04%
 102   22   4.996054e+01     0.04%
 103   91   4.444423e+01     0.04%
 104   96   4.439095e+01     0.04%
 105  106   4.388729e+01     0.04%
 106   57   4.227471e+01     0.03%
 107  171   4.159160e+01     0.03%
 108  149   4.126493e+01     0.03%
 109   69   4.086230e+01     0.03%
 110  141   4.078510e+01     0.03%
 111   37   4.044957e+01     0.03%
 112   65   4.020114e+01     0.03%
 113   90   4.012405e+01     0.03%
 114   24   3.997872e+01     0.03%
 115  167   3.881382e+01     0.03%
 116  165   3.756595e+01     0.03%
 117   86   3.737473e+01     0.03%
 118   76   3.730411e+01     0.03%
 119   80   3.698879e+01     0.03%
 120  144   3.672238e+01     0.03%
 121  125   3.592180e+01     0.03%
 122  131   3.418680e+01     0.03%
 123   98   3.362263e+01     0.03%
 124  183   3.319033e+01     0.03%
 125  136   3.285602e+01     0.03%
 126  102   3.270510e+01     0.03%
 127   89   3.219801e+01     0.03%
 128  122   3.193717e+01     0.03%
 129   68   3.049364e+01     0.02%
 130  151   2.848376e+01     0.02%
 131   74   2.835046e+01     0.02%
 132  170   2.826974e+01     0.02%
 133  107   2.806124e+01     0.02%
 134   85   2.741606e+01     0.02%
 135   75   2.735871e+01     0.02%
 136  177   2.703896e+01     0.02%
 137  164   2.681131e+01     0.02%
 138  137   2.648212e+01     0.02%
 139  123   2.564499e+01     0.02%
 140  143   2.492955e+01     0.02%
 141  133   2.422926e+01     0.02%
 142   82   2.416539e+01     0.02%
 143  129   2.409501e+01     0.02%
 144  186   2.383604e+01     0.02%
 145   81   2.373252e+01     0.02%
 146   54   2.362619e+01     0.02%
 147  162   2.217375e+01     0.02%
 148  116   2.217279e+01     0.02%
 149  135   2.175933e+01     0.02%
 150  130   2.113685e+01     0.02%
 151  184   2.097367e+01     0.02%
 152   92   2.090681e+01     0.02%
 153  173   2.068641e+01     0.02%
 154  179   2.066870e+01     0.02%
 155  101   2.019054e+01     0.02%
 156  152   1.900965e+01     0.02%
 157  182   1.900366e+01     0.02%
 158  146   1.865242e+01     0.02%
 159  169   1.797360e+01     0.01%
 160   94   1.677147e+01     0.01%
 161  145   1.601721e+01     0.01%
 162  110   1.576159e+01     0.01%
 163  103   1.568929e+01     0.01%
 164  157   1.562783e+01     0.01%
 165   51   1.469055e+01     0.01%
 166  160   1.396805e+01     0.01%
 167  172   1.353106e+01     0.01%
 168  142   1.340680e+01     0.01%
 169  166   1.213056e+01     0.01%
 170  175   1.193316e+01     0.01%
 171  138   1.159033e+01     0.01%
 172  168   1.010083e+01     0.01%
 173   79   9.997718e+00     0.01%
 174   95   9.765687e+00     0.01%
 175  127   9.509951e+00     0.01%
 176   63   9.085905e+00     0.01%
 177  180   8.749388e+00     0.01%
 178  140   8.667740e+00     0.01%
 179  163   8.424880e+00     0.01%
 180  185   8.230248e+00     0.01%
 181  114   7.465224e+00     0.01%
 182  153   5.952952e+00     0.00%
 183  112   5.895886e+00     0.00%
 184  178   5.812839e+00     0.00%
 185  134   5.454162e+00     0.00%
 186  161   3.026552e+00     0.00%
 187  176   2.482196e+00     0.00%
