cluster_a  cluster_c  passes  score    iou    inter  lam_ratio  ang_diff_deg  thetaA_deg  thetaC_deg  lamA_med  lamC_med
        2        117       1   0.080  0.391   8164     1.091           3.5        15.4        18.9      32.0      34.9
        2        118       1   0.030  0.117   1024     1.000           3.0         3.0         0.0      29.3      29.3
        2        126       1   0.024  0.121   1008     1.091           3.6         3.6         0.0      29.3      32.0
        2        125       1   0.023  0.073    600     1.091           1.9         7.9         9.8      29.3      26.9
        2        196       1   0.012  0.131   1076     1.000          10.0        20.0        30.0      32.0      32.0
        2        123       0   0.010  0.256   2384     1.189          20.7        10.7       170.0      32.0      26.9
        2        124       0   0.009  0.335   2952     1.682          21.4        18.6        40.0      32.0      53.8
        2        164       1   0.008  0.083    696     1.000          10.0        10.0         0.0      32.0      32.0
        2        122       0   0.007  0.011     96     1.682           0.0         0.0         0.0      29.3      17.4
        2        142       1   0.006  0.073    612     1.091          10.1         0.1       170.0      29.3      32.0
        2        127       0   0.005  0.296   3928     1.297          41.1        16.9       155.8      32.0      41.5
        2        181       0   0.005  0.112    936     1.000          20.6        10.6       170.0      32.0      32.0
        2        194       1   0.005  0.076    724     1.000          14.9        20.0         5.1      32.0      32.0
        2        189       0   0.005  0.156   1320     1.297          24.5        14.5       170.0      32.0      24.7
        2        134       0   0.005  0.181   1520     1.091          35.2        15.2       160.0      32.0      29.3
        2        154       1   0.004  0.058    596     1.189          10.0        10.0         0.0      32.0      38.1
        2        169       1   0.004  0.051    436     1.189           9.4        17.5        26.8      29.3      24.7
        2        120       0   0.004  0.133   1132     1.189          26.5        14.1       167.6      32.0      26.9
        2        136       0   0.004  0.364   3280     3.668          27.3        17.3       170.0      32.0     117.4
        2        141       0   0.003  0.081    820     2.181          10.0        10.0         0.0      32.0      69.8
        2        139       0   0.003  0.038    320     1.834           5.5         5.6         0.1      29.3      53.8
        2        131       0   0.003  0.074    844     1.297          16.6         5.7        22.4      32.0      41.5
        2        119       0   0.003  0.173   3608     1.542          34.1        15.8       161.7      32.0      49.4
        2        133       0   0.003  0.023    188     1.297           5.9         8.7        14.7      29.3      22.6
        2        207       0   0.003  0.046    384     1.682           9.9        10.0         0.1      32.0      19.0
        2        174       0   0.002  0.058    476     1.542          18.8        20.0         1.2      32.0      20.7
        2        209       0   0.002  0.120   1016     1.189          53.1         6.9        60.0      32.0      38.1
        2        157       0   0.002  0.124   1096     3.668          18.8        18.8         0.0      32.0     117.4
        2        190       0   0.001  0.084    688     1.834          40.0        20.0        60.0      32.0      58.7
        2        155       0   0.001  0.187   1580     2.828          60.0        20.0        80.0      32.0      90.5
        2        138       0   0.001  0.007     60     1.414           4.0         4.0         0.0      29.3      20.7
        2        182       0   0.001  0.030    248     2.181          14.7        15.3        30.0      32.0      69.8
        2        128       0   0.001  0.080    656     1.834          49.9        20.0       150.1      32.0      17.4
        2        143       0   0.001  0.136   1692     3.084          50.6        19.7        70.2      32.0      98.7
        2        208       0   0.001  0.046    380     1.414          40.8        18.2        59.1      32.0      22.6
        2        178       0   0.001  0.042    352     2.181          26.1        13.9        40.0      32.0      69.8
        2        121       0   0.001  0.097   1564     2.594          55.7        15.7       140.0      32.0      83.0
        2        180       0   0.000  0.011     92     1.189          19.1        20.0         0.9      32.0      26.9
        2        173       0   0.000  0.022    188     2.181          30.0        10.0       160.0      32.0      69.8
        2        172       0   0.000  0.010     88     2.594          20.0        10.0       170.0      32.0      83.0
        2        167       0   0.000  0.004     44     1.297          70.0        10.0        80.0      32.0      41.5
        2        129       0   0.000  0.000      0       nan           nan         nan         nan       nan       nan
        2        130       0   0.000  0.000      0       nan           nan         nan         nan       nan       nan
        2        132       0   0.000  0.000      0       nan           nan         nan         nan       nan       nan
        2        135       0   0.000  0.000      0       nan           nan         nan         nan       nan       nan
        2        137       0   0.000  0.000      0       nan           nan         nan         nan       nan       nan
        2        140       0   0.000  0.000      0       nan           nan         nan         nan       nan       nan
        2        144       0   0.000  0.000      0       nan           nan         nan         nan       nan       nan
        2        145       0   0.000  0.000      0       nan           nan         nan         nan       nan       nan
        2        146       0   0.000  0.000      0       nan           nan         nan         nan       nan       nan
        2        147       0   0.000  0.000      0       nan           nan         nan         nan       nan       nan
        2        148       0   0.000  0.000      0       nan           nan         nan         nan       nan       nan
        2        149       0   0.000  0.000      0       nan           nan         nan         nan       nan       nan
        2        150       0   0.000  0.000      0       nan           nan         nan         nan       nan       nan
        2        151       0   0.000  0.000      0       nan           nan         nan         nan       nan       nan
        2        152       0   0.000  0.000      0       nan           nan         nan         nan       nan       nan
        2        153       0   0.000  0.000      0       nan           nan         nan         nan       nan       nan
        2        156       0   0.000  0.000      0       nan           nan         nan         nan       nan       nan
        2        158       0   0.000  0.000      0       nan           nan         nan         nan       nan       nan
        2        159       0   0.000  0.000      0       nan           nan         nan         nan       nan       nan
        2        160       0   0.000  0.000      0       nan           nan         nan         nan       nan       nan
        2        161       0   0.000  0.000      0       nan           nan         nan         nan       nan       nan
        2        162       0   0.000  0.000      0       nan           nan         nan         nan       nan       nan
        2        163       0   0.000  0.000      0       nan           nan         nan         nan       nan       nan
        2        165       0   0.000  0.000      0       nan           nan         nan         nan       nan       nan
        2        166       0   0.000  0.000      0       nan           nan         nan         nan       nan       nan
        2        168       0   0.000  0.000      0       nan           nan         nan         nan       nan       nan
        2        170       0   0.000  0.000      0       nan           nan         nan         nan       nan       nan
        2        171       0   0.000  0.000      0       nan           nan         nan         nan       nan       nan
        2        175       0   0.000  0.000      0       nan           nan         nan         nan       nan       nan
        2        176       0   0.000  0.000      0       nan           nan         nan         nan       nan       nan
        2        177       0   0.000  0.000      0       nan           nan         nan         nan       nan       nan
        2        179       0   0.000  0.000      0       nan           nan         nan         nan       nan       nan
        2        183       0   0.000  0.000      0       nan           nan         nan         nan       nan       nan
        2        184       0   0.000  0.000      0       nan           nan         nan         nan       nan       nan
        2        185       0   0.000  0.000      0       nan           nan         nan         nan       nan       nan
        2        186       0   0.000  0.000      0       nan           nan         nan         nan       nan       nan
        2        187       0   0.000  0.000      0       nan           nan         nan         nan       nan       nan
        2        188       0   0.000  0.000      0       nan           nan         nan         nan       nan       nan
        2        191       0   0.000  0.000      0       nan           nan         nan         nan       nan       nan
        2        192       0   0.000  0.000      0       nan           nan         nan         nan       nan       nan
        2        193       0   0.000  0.000      0       nan           nan         nan         nan       nan       nan
        2        195       0   0.000  0.000      0       nan           nan         nan         nan       nan       nan
        2        197       0   0.000  0.000      0       nan           nan         nan         nan       nan       nan
        2        198       0   0.000  0.000      0       nan           nan         nan         nan       nan       nan
        2        199       0   0.000  0.000      0       nan           nan         nan         nan       nan       nan
        2        200       0   0.000  0.000      0       nan           nan         nan         nan       nan       nan
        2        201       0   0.000  0.000      0       nan           nan         nan         nan       nan       nan
        2        202       0   0.000  0.000      0       nan           nan         nan         nan       nan       nan
        2        203       0   0.000  0.000      0       nan           nan         nan         nan       nan       nan
        2        204       0   0.000  0.000      0       nan           nan         nan         nan       nan       nan
        2        205       0   0.000  0.000      0       nan           nan         nan         nan       nan       nan
        2        206       0   0.000  0.000      0       nan           nan         nan         nan       nan       nan
        3        117       1   0.084  0.533  12020     1.091           4.8        15.4        20.2      41.5      38.1
        3        194       1   0.020  0.138   1912     1.000           5.8        13.7         7.9      41.5      41.5
        3        195       0   0.019  0.021    300     1.091           0.0         0.0         0.0      53.8      58.7
        3        125       0   0.013  0.046    636     1.682           1.1        10.9         9.8      45.3      26.9
        3        154       1   0.009  0.076   1156     1.189           6.4         6.4         0.0      45.3      38.1
        3        124       0   0.008  0.262   3596     1.542          19.4        20.6        40.0      34.9      53.8
        3        127       0   0.007  0.335   5700     1.091          42.3        17.9       155.6      41.5      45.3
        3        119       0   0.006  0.268   6356     1.297          34.4        15.4       160.9      41.5      53.8
        3        196       1   0.006  0.079   1080     1.091          11.7        18.3        30.0      34.9      32.0
        3        141       0   0.005  0.092   1388     1.682           9.3         9.3         0.0      41.5      69.8
        3        123       0   0.005  0.146   2196     1.189          22.4        12.4       170.0      34.9      29.3
        3        164       1   0.005  0.058    796     1.091          10.0        10.0         0.0      34.9      32.0
        3        126       0   0.004  0.055    772     1.297          10.6        10.6         0.0      41.5      32.0
        3        131       1   0.004  0.060   1008     1.091          14.2        10.0        24.2      45.3      41.5
        3        181       0   0.003  0.080   1100     1.091          20.1        10.1       170.0      34.9      32.0
        3        132       0   0.003  0.010    144     1.834           0.5         0.5         0.0      53.8      29.3
        3        139       0   0.003  0.037    512     1.091           9.6        10.0         0.4      49.4      53.8
        3        134       0   0.003  0.127   1744     1.189          33.8        13.8       160.0      34.9      29.3
        3        136       0   0.003  0.297   4084     3.364          28.6        18.6       170.0      34.9     117.4
        3        169       0   0.003  0.050    696     1.682           9.7        20.0        29.7      41.5      24.7
        3        189       0   0.003  0.110   1516     1.682          22.7        12.7       170.0      34.9      20.7
        3        118       0   0.003  0.046    672     1.542          10.0        10.0         0.0      45.3      29.3
        3        120       0   0.003  0.109   1492     1.682          23.1        10.7       167.6      45.3      26.9
        3        180       0   0.002  0.031    428     2.000           5.4         7.4         1.9      41.5      20.7
        3        143       0   0.002  0.241   3824     2.378          54.6        15.5        70.1      41.5      98.7
        3        121       0   0.002  0.187   3676     1.834          56.6        16.6       140.0      45.3      83.0
        3        157       0   0.002  0.128   1756     2.828          26.0        26.0         0.0      41.5     117.4
        3        133       0   0.002  0.014    188     2.000           3.4        11.3        14.7      45.3      22.6
        3        207       0   0.002  0.031    424     1.834           9.9        10.0         0.1      34.9      19.0
        3        188       0   0.002  0.068    988     1.542          28.5        13.6        42.1      49.4      32.0
        3        209       0   0.001  0.063    892     1.091          47.6        12.4        60.0      41.5      38.1
        3        178       0   0.001  0.033    456     1.542          19.3        20.7        40.0      45.3      69.8
        3        174       0   0.001  0.035    476     1.682          18.9        20.2         1.2      34.9      20.7
        3        140       0   0.001  0.016    252     1.682          10.0         0.0       170.0      53.8      32.0
        3        155       0   0.001  0.134   1832     2.594          60.4        19.6        80.0      34.9      90.5
        3        190       0   0.001  0.050    688     1.682          42.8        17.2        60.0      34.9      58.7
        3        142       0   0.001  0.014    200     1.091          20.0        10.0       170.0      34.9      32.0
        3        172       0   0.001  0.021    292     1.834          20.0        10.0       170.0      45.3      83.0
        3        182       0   0.001  0.018    248     2.000          16.1        13.9        30.0      34.9      69.8
        3        128       0   0.000  0.048    656     2.000          51.4        21.5       150.1      34.9      17.4
        3        162       0   0.000  0.035    500     1.414          60.2        10.2       130.0      53.8      76.1
        3        147       0   0.000  0.021    300     1.834          31.2        31.2         0.0      45.3      24.7
        3        173       0   0.000  0.017    236     1.682          30.0        10.0       160.0      41.5      69.8
        3        166       0   0.000  0.010    148     1.414          23.8         0.0       156.2      53.8      38.1
        3        208       0   0.000  0.030    416     2.181          49.1        10.0        59.1      49.4      22.6
        3        199       0   0.000  0.020    284     1.834          45.2         9.7        54.9      49.4      26.9
        3        179       0   0.000  0.011    160     1.189          40.0         0.0       140.0      53.8      45.3
        3        138       0   0.000  0.004     60     2.378          10.0        10.0         0.0      49.4      20.7
        3        137       0   0.000  0.004     72     1.682          30.0         0.0       150.0      53.8      32.0
        3        167       0   0.000  0.005     72     1.043          70.0        10.0        80.0      41.5      39.8
        3        197       0   0.000  0.003     52     1.091          50.0         0.0       130.0      41.5      38.1
        3        177       0   0.000  0.004     52     1.542          50.0         0.0       130.0      53.8      83.0
        3        122       0   0.000  0.000      0       nan           nan         nan         nan       nan       nan
        3        129       0   0.000  0.000      0       nan           nan         nan         nan       nan       nan
        3        130       0   0.000  0.000      0       nan           nan         nan         nan       nan       nan
        3        135       0   0.000  0.000      0       nan           nan         nan         nan       nan       nan
        3        144       0   0.000  0.000      0       nan           nan         nan         nan       nan       nan
        3        145       0   0.000  0.000      0       nan           nan         nan         nan       nan       nan
        3        146       0   0.000  0.000      0       nan           nan         nan         nan       nan       nan
        3        148       0   0.000  0.000      0       nan           nan         nan         nan       nan       nan
        3        149       0   0.000  0.000      0       nan           nan         nan         nan       nan       nan
        3        150       0   0.000  0.000      0       nan           nan         nan         nan       nan       nan
        3        151       0   0.000  0.000      0       nan           nan         nan         nan       nan       nan
        3        152       0   0.000  0.000      0       nan           nan         nan         nan       nan       nan
        3        153       0   0.000  0.000      0       nan           nan         nan         nan       nan       nan
        3        156       0   0.000  0.000      0       nan           nan         nan         nan       nan       nan
        3        158       0   0.000  0.000      0       nan           nan         nan         nan       nan       nan
        3        159       0   0.000  0.000      0       nan           nan         nan         nan       nan       nan
        3        160       0   0.000  0.000      0       nan           nan         nan         nan       nan       nan
        3        161       0   0.000  0.000      0       nan           nan         nan         nan       nan       nan
        3        163       0   0.000  0.000      0       nan           nan         nan         nan       nan       nan
        3        165       0   0.000  0.000      0       nan           nan         nan         nan       nan       nan
        3        168       0   0.000  0.000      0       nan           nan         nan         nan       nan       nan
        3        170       0   0.000  0.000      0       nan           nan         nan         nan       nan       nan
        3        171       0   0.000  0.000      0       nan           nan         nan         nan       nan       nan
        3        175       0   0.000  0.000      0       nan           nan         nan         nan       nan       nan
        3        176       0   0.000  0.000      0       nan           nan         nan         nan       nan       nan
        3        183       0   0.000  0.000      0       nan           nan         nan         nan       nan       nan
        3        184       0   0.000  0.000      0       nan           nan         nan         nan       nan       nan
        3        185       0   0.000  0.000      0       nan           nan         nan         nan       nan       nan
        3        186       0   0.000  0.000      0       nan           nan         nan         nan       nan       nan
        3        187       0   0.000  0.000      0       nan           nan         nan         nan       nan       nan
        3        191       0   0.000  0.000      0       nan           nan         nan         nan       nan       nan
        3        192       0   0.000  0.000      0       nan           nan         nan         nan       nan       nan
        3        193       0   0.000  0.000      0       nan           nan         nan         nan       nan       nan
        3        198       0   0.000  0.000      0       nan           nan         nan         nan       nan       nan
        3        200       0   0.000  0.000      0       nan           nan         nan         nan       nan       nan
        3        201       0   0.000  0.000      0       nan           nan         nan         nan       nan       nan
        3        202       0   0.000  0.000      0       nan           nan         nan         nan       nan       nan
        3        203       0   0.000  0.000      0       nan           nan         nan         nan       nan       nan
        3        204       0   0.000  0.000      0       nan           nan         nan         nan       nan       nan
        3        205       0   0.000  0.000      0       nan           nan         nan         nan       nan       nan
        3        206       0   0.000  0.000      0       nan           nan         nan         nan       nan       nan
        4        117       0   0.021  0.099   2072     1.297           2.7        15.2        18.0      26.9      34.9
        4        189       0   0.011  0.260    756     1.091          21.6        11.6       170.0      26.9      24.7
        4        134       0   0.009  0.345    980     1.091          34.2        14.2       160.0      26.9      29.3
        4        124       0   0.009  0.433   1712     2.000          23.7        16.3        40.0      26.9      53.8
        4        174       0   0.008  0.169    368     1.414          14.6        14.6         0.0      26.9      19.0
        4        123       0   0.007  0.156    752     1.000          21.7        11.7       170.0      26.9      26.9
        4        181       0   0.005  0.120    340     1.189          20.2        10.2       170.0      26.9      32.0
        4        207       1   0.005  0.058    140     1.189           9.7        10.0         0.3      24.7      20.7
        4        136       0   0.004  0.487   2024     4.362          25.2        15.2       170.0      26.9     117.4
        4        164       1   0.004  0.051    144     1.189          10.0        10.0         0.0      24.7      29.3
        4        127       0   0.003  0.216   1972     1.542          42.2        15.5       153.2      26.9      41.5
        4        157       0   0.003  0.227    708     4.362          15.8        15.8         0.0      26.9     117.4
        4        182       0   0.002  0.109    228     2.594          16.0        14.0        30.0      26.9      69.8
        4        128       0   0.002  0.158    372     1.542          44.5        13.9       149.4      26.9      17.4
        4        190       0   0.002  0.140    340     2.181          40.8        19.2        60.0      26.9      58.7
        4        119       0   0.002  0.108   1800     1.834          37.5        15.3       157.8      26.9      49.4
        4        120       0   0.001  0.041    140     1.091          30.0        20.0       170.0      26.9      29.3
        4        178       0   0.001  0.075    176     2.594          25.0        15.0        40.0      26.9      69.8
        4        154       0   0.001  0.009     44     1.414          10.0        10.0         0.0      26.9      38.1
        4        121       0   0.000  0.084    900     3.084          55.1        15.1       140.0      26.9      83.0
        4        131       0   0.000  0.012     72     1.682          20.0        10.0        30.0      24.7      41.5
        4        155       0   0.000  0.061    224     3.084          67.9        12.1        80.0      26.9      83.0
        4        141       0   0.000  0.008     36     2.594          10.0        10.0         0.0      26.9      69.8
        4        118       0   0.000  0.000      0       nan           nan         nan         nan       nan       nan
        4        122       0   0.000  0.000      0       nan           nan         nan         nan       nan       nan
        4        125       0   0.000  0.000      0       nan           nan         nan         nan       nan       nan
        4        126       0   0.000  0.000      0       nan           nan         nan         nan       nan       nan
        4        129       0   0.000  0.000      0       nan           nan         nan         nan       nan       nan
        4        130       0   0.000  0.000      0       nan           nan         nan         nan       nan       nan
        4        132       0   0.000  0.000      0       nan           nan         nan         nan       nan       nan
        4        133       0   0.000  0.000      0       nan           nan         nan         nan       nan       nan
        4        135       0   0.000  0.000      0       nan           nan         nan         nan       nan       nan
        4        137       0   0.000  0.000      0       nan           nan         nan         nan       nan       nan
        4        138       0   0.000  0.000      0       nan           nan         nan         nan       nan       nan
        4        139       0   0.000  0.000      0       nan           nan         nan         nan       nan       nan
        4        140       0   0.000  0.000      0       nan           nan         nan         nan       nan       nan
        4        142       0   0.000  0.000      0       nan           nan         nan         nan       nan       nan
        4        143       0   0.000  0.000      0       nan           nan         nan         nan       nan       nan
        4        144       0   0.000  0.000      0       nan           nan         nan         nan       nan       nan
        4        145       0   0.000  0.000      0       nan           nan         nan         nan       nan       nan
        4        146       0   0.000  0.000      0       nan           nan         nan         nan       nan       nan
        4        147       0   0.000  0.000      0       nan           nan         nan         nan       nan       nan
        4        148       0   0.000  0.000      0       nan           nan         nan         nan       nan       nan
        4        149       0   0.000  0.000      0       nan           nan         nan         nan       nan       nan
        4        150       0   0.000  0.000      0       nan           nan         nan         nan       nan       nan
        4        151       0   0.000  0.000      0       nan           nan         nan         nan       nan       nan
        4        152       0   0.000  0.000      0       nan           nan         nan         nan       nan       nan
        4        153       0   0.000  0.000      0       nan           nan         nan         nan       nan       nan
        4        156       0   0.000  0.000      0       nan           nan         nan         nan       nan       nan
        4        158       0   0.000  0.000      0       nan           nan         nan         nan       nan       nan
        4        159       0   0.000  0.000      0       nan           nan         nan         nan       nan       nan
        4        160       0   0.000  0.000      0       nan           nan         nan         nan       nan       nan
        4        161       0   0.000  0.000      0       nan           nan         nan         nan       nan       nan
        4        162       0   0.000  0.000      0       nan           nan         nan         nan       nan       nan
        4        163       0   0.000  0.000      0       nan           nan         nan         nan       nan       nan
        4        165       0   0.000  0.000      0       nan           nan         nan         nan       nan       nan
        4        166       0   0.000  0.000      0       nan           nan         nan         nan       nan       nan
        4        167       0   0.000  0.000      0       nan           nan         nan         nan       nan       nan
        4        168       0   0.000  0.000      0       nan           nan         nan         nan       nan       nan
        4        169       0   0.000  0.000      0       nan           nan         nan         nan       nan       nan
        4        170       0   0.000  0.000      0       nan           nan         nan         nan       nan       nan
        4        171       0   0.000  0.000      0       nan           nan         nan         nan       nan       nan
        4        172       0   0.000  0.000      0       nan           nan         nan         nan       nan       nan
        4        173       0   0.000  0.000      0       nan           nan         nan         nan       nan       nan
        4        175       0   0.000  0.000      0       nan           nan         nan         nan       nan       nan
        4        176       0   0.000  0.000      0       nan           nan         nan         nan       nan       nan
        4        177       0   0.000  0.000      0       nan           nan         nan         nan       nan       nan
        4        179       0   0.000  0.000      0       nan           nan         nan         nan       nan       nan
        4        180       0   0.000  0.000      0       nan           nan         nan         nan       nan       nan
        4        183       0   0.000  0.000      0       nan           nan         nan         nan       nan       nan
        4        184       0   0.000  0.000      0       nan           nan         nan         nan       nan       nan
        4        185       0   0.000  0.000      0       nan           nan         nan         nan       nan       nan
        4        186       0   0.000  0.000      0       nan           nan         nan         nan       nan       nan
        4        187       0   0.000  0.000      0       nan           nan         nan         nan       nan       nan
        4        188       0   0.000  0.000      0       nan           nan         nan         nan       nan       nan
        4        191       0   0.000  0.000      0       nan           nan         nan         nan       nan       nan
        4        192       0   0.000  0.000      0       nan           nan         nan         nan       nan       nan
        4        193       0   0.000  0.000      0       nan           nan         nan         nan       nan       nan
        4        194       0   0.000  0.000      0       nan           nan         nan         nan       nan       nan
        4        195       0   0.000  0.000      0       nan           nan         nan         nan       nan       nan
        4        196       0   0.000  0.000      0       nan           nan         nan         nan       nan       nan
        4        197       0   0.000  0.000      0       nan           nan         nan         nan       nan       nan
        4        198       0   0.000  0.000      0       nan           nan         nan         nan       nan       nan
        4        199       0   0.000  0.000      0       nan           nan         nan         nan       nan       nan
        4        200       0   0.000  0.000      0       nan           nan         nan         nan       nan       nan
        4        201       0   0.000  0.000      0       nan           nan         nan         nan       nan       nan
        4        202       0   0.000  0.000      0       nan           nan         nan         nan       nan       nan
        4        203       0   0.000  0.000      0       nan           nan         nan         nan       nan       nan
        4        204       0   0.000  0.000      0       nan           nan         nan         nan       nan       nan
        4        205       0   0.000  0.000      0       nan           nan         nan         nan       nan       nan
        4        206       0   0.000  0.000      0       nan           nan         nan         nan       nan       nan
        4        208       0   0.000  0.000      0       nan           nan         nan         nan       nan       nan
        4        209       0   0.000  0.000      0       nan           nan         nan         nan       nan       nan
        5        122       1   0.245  0.298    336     1.091           0.1         0.1         0.0      19.0      17.4
        5        118       0   0.114  0.681   1092     1.414           3.2         3.2         0.0      19.0      26.9
        5        139       0   0.089  0.177    244     2.000           0.0         0.0         0.0      26.9      53.8
        5        126       0   0.075  0.540    788     1.542           3.6         3.6         0.0      20.7      32.0
        5        138       0   0.042  0.054     60     1.297           0.0         0.0         0.0      26.9      20.7
        5        142       0   0.021  0.561    704     1.682          15.1         5.1       170.0      19.0      32.0
        5        125       1   0.017  0.190    280     1.000          10.0         0.0        10.0      26.9      26.9
        5        120       1   0.011  0.121    280     1.000          10.0         0.0       170.0      26.9      26.9
        5        123       0   0.010  0.211    804     1.414          14.4         4.4       170.0      19.0      26.9
        5        133       1   0.006  0.091    108     1.189          12.6         0.0        12.6      26.9      22.6
        5        131       0   0.004  0.133    616     2.000          16.9         3.1        20.0      19.0      38.1
        5        209       0   0.003  0.233    460     1.542          54.0         6.0        60.0      20.7      32.0
        5        117       0   0.002  0.051   1056     1.834          11.1         3.4        14.5      19.0      34.9
        5        127       0   0.001  0.013    132     1.542          14.2         0.0       165.8      26.9      41.5
        5        119       0   0.000  0.001     12     1.834          10.0         0.0       170.0      26.9      49.4
        5        121       0   0.000  0.000      0       nan           nan         nan         nan       nan       nan
        5        124       0   0.000  0.000      0       nan           nan         nan         nan       nan       nan
        5        128       0   0.000  0.000      0       nan           nan         nan         nan       nan       nan
        5        129       0   0.000  0.000      0       nan           nan         nan         nan       nan       nan
        5        130       0   0.000  0.000      0       nan           nan         nan         nan       nan       nan
        5        132       0   0.000  0.000      0       nan           nan         nan         nan       nan       nan
        5        134       0   0.000  0.000      0       nan           nan         nan         nan       nan       nan
        5        135       0   0.000  0.000      0       nan           nan         nan         nan       nan       nan
        5        136       0   0.000  0.000      0       nan           nan         nan         nan       nan       nan
        5        137       0   0.000  0.000      0       nan           nan         nan         nan       nan       nan
        5        140       0   0.000  0.000      0       nan           nan         nan         nan       nan       nan
        5        141       0   0.000  0.000      0       nan           nan         nan         nan       nan       nan
        5        143       0   0.000  0.000      0       nan           nan         nan         nan       nan       nan
        5        144       0   0.000  0.000      0       nan           nan         nan         nan       nan       nan
        5        145       0   0.000  0.000      0       nan           nan         nan         nan       nan       nan
        5        146       0   0.000  0.000      0       nan           nan         nan         nan       nan       nan
        5        147       0   0.000  0.000      0       nan           nan         nan         nan       nan       nan
        5        148       0   0.000  0.000      0       nan           nan         nan         nan       nan       nan
        5        149       0   0.000  0.000      0       nan           nan         nan         nan       nan       nan
        5        150       0   0.000  0.000      0       nan           nan         nan         nan       nan       nan
        5        151       0   0.000  0.000      0       nan           nan         nan         nan       nan       nan
        5        152       0   0.000  0.000      0       nan           nan         nan         nan       nan       nan
        5        153       0   0.000  0.000      0       nan           nan         nan         nan       nan       nan
        5        154       0   0.000  0.000      0       nan           nan         nan         nan       nan       nan
        5        155       0   0.000  0.000      0       nan           nan         nan         nan       nan       nan
        5        156       0   0.000  0.000      0       nan           nan         nan         nan       nan       nan
        5        157       0   0.000  0.000      0       nan           nan         nan         nan       nan       nan
        5        158       0   0.000  0.000      0       nan           nan         nan         nan       nan       nan
        5        159       0   0.000  0.000      0       nan           nan         nan         nan       nan       nan
        5        160       0   0.000  0.000      0       nan           nan         nan         nan       nan       nan
        5        161       0   0.000  0.000      0       nan           nan         nan         nan       nan       nan
        5        162       0   0.000  0.000      0       nan           nan         nan         nan       nan       nan
        5        163       0   0.000  0.000      0       nan           nan         nan         nan       nan       nan
        5        164       0   0.000  0.000      0       nan           nan         nan         nan       nan       nan
        5        165       0   0.000  0.000      0       nan           nan         nan         nan       nan       nan
        5        166       0   0.000  0.000      0       nan           nan         nan         nan       nan       nan
        5        167       0   0.000  0.000      0       nan           nan         nan         nan       nan       nan
        5        168       0   0.000  0.000      0       nan           nan         nan         nan       nan       nan
        5        169       0   0.000  0.000      0       nan           nan         nan         nan       nan       nan
        5        170       0   0.000  0.000      0       nan           nan         nan         nan       nan       nan
        5        171       0   0.000  0.000      0       nan           nan         nan         nan       nan       nan
        5        172       0   0.000  0.000      0       nan           nan         nan         nan       nan       nan
        5        173       0   0.000  0.000      0       nan           nan         nan         nan       nan       nan
        5        174       0   0.000  0.000      0       nan           nan         nan         nan       nan       nan
        5        175       0   0.000  0.000      0       nan           nan         nan         nan       nan       nan
        5        176       0   0.000  0.000      0       nan           nan         nan         nan       nan       nan
        5        177       0   0.000  0.000      0       nan           nan         nan         nan       nan       nan
        5        178       0   0.000  0.000      0       nan           nan         nan         nan       nan       nan
        5        179       0   0.000  0.000      0       nan           nan         nan         nan       nan       nan
        5        180       0   0.000  0.000      0       nan           nan         nan         nan       nan       nan
        5        181       0   0.000  0.000      0       nan           nan         nan         nan       nan       nan
        5        182       0   0.000  0.000      0       nan           nan         nan         nan       nan       nan
        5        183       0   0.000  0.000      0       nan           nan         nan         nan       nan       nan
        5        184       0   0.000  0.000      0       nan           nan         nan         nan       nan       nan
        5        185       0   0.000  0.000      0       nan           nan         nan         nan       nan       nan
        5        186       0   0.000  0.000      0       nan           nan         nan         nan       nan       nan
        5        187       0   0.000  0.000      0       nan           nan         nan         nan       nan       nan
        5        188       0   0.000  0.000      0       nan           nan         nan         nan       nan       nan
        5        189       0   0.000  0.000      0       nan           nan         nan         nan       nan       nan
        5        190       0   0.000  0.000      0       nan           nan         nan         nan       nan       nan
        5        191       0   0.000  0.000      0       nan           nan         nan         nan       nan       nan
        5        192       0   0.000  0.000      0       nan           nan         nan         nan       nan       nan
        5        193       0   0.000  0.000      0       nan           nan         nan         nan       nan       nan
        5        194       0   0.000  0.000      0       nan           nan         nan         nan       nan       nan
        5        195       0   0.000  0.000      0       nan           nan         nan         nan       nan       nan
        5        196       0   0.000  0.000      0       nan           nan         nan         nan       nan       nan
        5        197       0   0.000  0.000      0       nan           nan         nan         nan       nan       nan
        5        198       0   0.000  0.000      0       nan           nan         nan         nan       nan       nan
        5        199       0   0.000  0.000      0       nan           nan         nan         nan       nan       nan
        5        200       0   0.000  0.000      0       nan           nan         nan         nan       nan       nan
        5        201       0   0.000  0.000      0       nan           nan         nan         nan       nan       nan
        5        202       0   0.000  0.000      0       nan           nan         nan         nan       nan       nan
        5        203       0   0.000  0.000      0       nan           nan         nan         nan       nan       nan
        5        204       0   0.000  0.000      0       nan           nan         nan         nan       nan       nan
        5        205       0   0.000  0.000      0       nan           nan         nan         nan       nan       nan
        5        206       0   0.000  0.000      0       nan           nan         nan         nan       nan       nan
        5        207       0   0.000  0.000      0       nan           nan         nan         nan       nan       nan
        5        208       0   0.000  0.000      0       nan           nan         nan         nan       nan       nan
        6        128       1   0.162  0.451    628     1.091           1.6       148.5       150.1      16.0      17.4
        6        189       1   0.065  0.077    212     1.189           0.0       170.0       170.0      20.7      24.7
        6        123       0   0.032  0.041    192     1.297           0.0       170.0       170.0      20.7      26.9
        6        127       0   0.029  0.151   1364     2.594           1.0       155.8       154.8      17.4      45.3
        6        119       0   0.021  0.081   1324     2.828           0.4       155.5       155.8      17.4      49.4
        6        134       0   0.010  0.154    416     1.414          10.0       170.0       160.0      20.7      29.3
        6        174       0   0.008  0.349    476     1.297          34.1       147.2         1.2      16.0      20.7
        6        136       0   0.003  0.311   1300     6.727          13.8       156.2       170.0      17.4     117.4
        6        181       0   0.002  0.003      8     1.542           0.0       170.0       170.0      20.7      32.0
        6        124       0   0.002  0.379   1364     3.084          64.2       155.8        40.0      17.4      53.8
        6        157       0   0.001  0.242    608     6.727          27.8       152.2         0.0      17.4     117.4
        6        117       0   0.001  0.065   1364     2.000          44.8       155.8        20.7      17.4      34.9
        6        120       0   0.001  0.027     76     1.834          20.0       150.0       170.0      16.0      29.3
        6        190       0   0.001  0.216    364     3.668          88.9       148.9        60.0      16.0      58.7
        6        121       0   0.001  0.056    576     4.362          19.3       159.3       140.0      19.0      83.0
        6        182       0   0.001  0.083    124     3.668          40.0       170.0        30.0      19.0      69.8
        6        155       0   0.001  0.193    516     5.187          69.5       149.5        80.0      16.0      83.0
        6        178       0   0.000  0.007     12     3.668          50.0       170.0        40.0      19.0      69.8
        6        143       0   0.000  0.002     16     5.657          80.0       150.0        70.0      17.4      98.7
        6        118       0   0.000  0.000      0       nan           nan         nan         nan       nan       nan
        6        122       0   0.000  0.000      0       nan           nan         nan         nan       nan       nan
        6        125       0   0.000  0.000      0       nan           nan         nan         nan       nan       nan
        6        126       0   0.000  0.000      0       nan           nan         nan         nan       nan       nan
        6        129       0   0.000  0.000      0       nan           nan         nan         nan       nan       nan
        6        130       0   0.000  0.000      0       nan           nan         nan         nan       nan       nan
        6        131       0   0.000  0.000      0       nan           nan         nan         nan       nan       nan
        6        132       0   0.000  0.000      0       nan           nan         nan         nan       nan       nan
        6        133       0   0.000  0.000      0       nan           nan         nan         nan       nan       nan
        6        135       0   0.000  0.000      0       nan           nan         nan         nan       nan       nan
        6        137       0   0.000  0.000      0       nan           nan         nan         nan       nan       nan
        6        138       0   0.000  0.000      0       nan           nan         nan         nan       nan       nan
        6        139       0   0.000  0.000      0       nan           nan         nan         nan       nan       nan
        6        140       0   0.000  0.000      0       nan           nan         nan         nan       nan       nan
        6        141       0   0.000  0.000      0       nan           nan         nan         nan       nan       nan
        6        142       0   0.000  0.000      0       nan           nan         nan         nan       nan       nan
        6        144       0   0.000  0.000      0       nan           nan         nan         nan       nan       nan
        6        145       0   0.000  0.000      0       nan           nan         nan         nan       nan       nan
        6        146       0   0.000  0.000      0       nan           nan         nan         nan       nan       nan
        6        147       0   0.000  0.000      0       nan           nan         nan         nan       nan       nan
        6        148       0   0.000  0.000      0       nan           nan         nan         nan       nan       nan
        6        149       0   0.000  0.000      0       nan           nan         nan         nan       nan       nan
        6        150       0   0.000  0.000      0       nan           nan         nan         nan       nan       nan
        6        151       0   0.000  0.000      0       nan           nan         nan         nan       nan       nan
        6        152       0   0.000  0.000      0       nan           nan         nan         nan       nan       nan
        6        153       0   0.000  0.000      0       nan           nan         nan         nan       nan       nan
        6        154       0   0.000  0.000      0       nan           nan         nan         nan       nan       nan
        6        156       0   0.000  0.000      0       nan           nan         nan         nan       nan       nan
        6        158       0   0.000  0.000      0       nan           nan         nan         nan       nan       nan
        6        159       0   0.000  0.000      0       nan           nan         nan         nan       nan       nan
        6        160       0   0.000  0.000      0       nan           nan         nan         nan       nan       nan
        6        161       0   0.000  0.000      0       nan           nan         nan         nan       nan       nan
        6        162       0   0.000  0.000      0       nan           nan         nan         nan       nan       nan
        6        163       0   0.000  0.000      0       nan           nan         nan         nan       nan       nan
        6        164       0   0.000  0.000      0       nan           nan         nan         nan       nan       nan
        6        165       0   0.000  0.000      0       nan           nan         nan         nan       nan       nan
        6        166       0   0.000  0.000      0       nan           nan         nan         nan       nan       nan
        6        167       0   0.000  0.000      0       nan           nan         nan         nan       nan       nan
        6        168       0   0.000  0.000      0       nan           nan         nan         nan       nan       nan
        6        169       0   0.000  0.000      0       nan           nan         nan         nan       nan       nan
        6        170       0   0.000  0.000      0       nan           nan         nan         nan       nan       nan
        6        171       0   0.000  0.000      0       nan           nan         nan         nan       nan       nan
        6        172       0   0.000  0.000      0       nan           nan         nan         nan       nan       nan
        6        173       0   0.000  0.000      0       nan           nan         nan         nan       nan       nan
        6        175       0   0.000  0.000      0       nan           nan         nan         nan       nan       nan
        6        176       0   0.000  0.000      0       nan           nan         nan         nan       nan       nan
        6        177       0   0.000  0.000      0       nan           nan         nan         nan       nan       nan
        6        179       0   0.000  0.000      0       nan           nan         nan         nan       nan       nan
        6        180       0   0.000  0.000      0       nan           nan         nan         nan       nan       nan
        6        183       0   0.000  0.000      0       nan           nan         nan         nan       nan       nan
        6        184       0   0.000  0.000      0       nan           nan         nan         nan       nan       nan
        6        185       0   0.000  0.000      0       nan           nan         nan         nan       nan       nan
        6        186       0   0.000  0.000      0       nan           nan         nan         nan       nan       nan
        6        187       0   0.000  0.000      0       nan           nan         nan         nan       nan       nan
        6        188       0   0.000  0.000      0       nan           nan         nan         nan       nan       nan
        6        191       0   0.000  0.000      0       nan           nan         nan         nan       nan       nan
        6        192       0   0.000  0.000      0       nan           nan         nan         nan       nan       nan
        6        193       0   0.000  0.000      0       nan           nan         nan         nan       nan       nan
        6        194       0   0.000  0.000      0       nan           nan         nan         nan       nan       nan
        6        195       0   0.000  0.000      0       nan           nan         nan         nan       nan       nan
        6        196       0   0.000  0.000      0       nan           nan         nan         nan       nan       nan
        6        197       0   0.000  0.000      0       nan           nan         nan         nan       nan       nan
        6        198       0   0.000  0.000      0       nan           nan         nan         nan       nan       nan
        6        199       0   0.000  0.000      0       nan           nan         nan         nan       nan       nan
        6        200       0   0.000  0.000      0       nan           nan         nan         nan       nan       nan
        6        201       0   0.000  0.000      0       nan           nan         nan         nan       nan       nan
        6        202       0   0.000  0.000      0       nan           nan         nan         nan       nan       nan
        6        203       0   0.000  0.000      0       nan           nan         nan         nan       nan       nan
        6        204       0   0.000  0.000      0       nan           nan         nan         nan       nan       nan
        6        205       0   0.000  0.000      0       nan           nan         nan         nan       nan       nan
        6        206       0   0.000  0.000      0       nan           nan         nan         nan       nan       nan
        6        207       0   0.000  0.000      0       nan           nan         nan         nan       nan       nan
        6        208       0   0.000  0.000      0       nan           nan         nan         nan       nan       nan
        6        209       0   0.000  0.000      0       nan           nan         nan         nan       nan       nan
        7        123       1   0.439  0.439   1540     1.000           0.0       170.0       170.0      26.9      26.9
        7        142       1   0.371  0.441    732     1.189           0.0       170.0       170.0      26.9      32.0
        7        189       1   0.112  0.122    340     1.091           0.0       170.0       170.0      26.9      24.7
        7        118       1   0.029  0.346    804     1.091          10.0       170.0         0.0      26.9      29.3
        7        181       0   0.024  0.028     72     1.189           0.0       170.0       170.0      26.9      32.0
        7        126       1   0.015  0.199    444     1.189          10.0       170.0         0.0      26.9      32.0
        7        122       1   0.014  0.173    280     1.091          10.0       170.0         0.0      19.0      17.4
        7        136       0   0.011  0.047    256     4.362           0.0       170.0       170.0      26.9     117.4
        7        164       1   0.006  0.063    144     1.000          10.0       170.0         0.0      26.9      26.9
        7        131       0   0.005  0.213    996     1.414          32.1       170.0        22.1      26.9      38.1
        7        134       0   0.004  0.046    144     1.091          10.0       170.0       160.0      26.9      29.3
        7        207       0   0.004  0.059    112     1.414          10.4       170.0         0.4      26.9      19.0
        7        119       0   0.003  0.006    112     2.378           0.0       170.0       170.0      26.9      64.0
        7        209       0   0.002  0.209    496     1.189          70.0       170.0        60.0      26.9      32.0
        7        117       0   0.002  0.073   1524     1.297          27.7       170.0        17.7      26.9      34.9
        7        127       0   0.001  0.014    144     1.189          16.4       170.0       153.6      26.9      32.0
        7        154       0   0.000  0.001      4     1.414          10.0       170.0         0.0      26.9      38.1
        7        124       0   0.000  0.002     12     2.000          50.0       170.0        40.0      26.9      53.8
        7        120       0   0.000  0.000      0       nan           nan         nan         nan       nan       nan
        7        121       0   0.000  0.000      0       nan           nan         nan         nan       nan       nan
        7        125       0   0.000  0.000      0       nan           nan         nan         nan       nan       nan
        7        128       0   0.000  0.000      0       nan           nan         nan         nan       nan       nan
        7        129       0   0.000  0.000      0       nan           nan         nan         nan       nan       nan
        7        130       0   0.000  0.000      0       nan           nan         nan         nan       nan       nan
        7        132       0   0.000  0.000      0       nan           nan         nan         nan       nan       nan
        7        133       0   0.000  0.000      0       nan           nan         nan         nan       nan       nan
        7        135       0   0.000  0.000      0       nan           nan         nan         nan       nan       nan
        7        137       0   0.000  0.000      0       nan           nan         nan         nan       nan       nan
        7        138       0   0.000  0.000      0       nan           nan         nan         nan       nan       nan
        7        139       0   0.000  0.000      0       nan           nan         nan         nan       nan       nan
        7        140       0   0.000  0.000      0       nan           nan         nan         nan       nan       nan
        7        141       0   0.000  0.000      0       nan           nan         nan         nan       nan       nan
        7        143       0   0.000  0.000      0       nan           nan         nan         nan       nan       nan
        7        144       0   0.000  0.000      0       nan           nan         nan         nan       nan       nan
        7        145       0   0.000  0.000      0       nan           nan         nan         nan       nan       nan
        7        146       0   0.000  0.000      0       nan           nan         nan         nan       nan       nan
        7        147       0   0.000  0.000      0       nan           nan         nan         nan       nan       nan
        7        148       0   0.000  0.000      0       nan           nan         nan         nan       nan       nan
        7        149       0   0.000  0.000      0       nan           nan         nan         nan       nan       nan
        7        150       0   0.000  0.000      0       nan           nan         nan         nan       nan       nan
        7        151       0   0.000  0.000      0       nan           nan         nan         nan       nan       nan
        7        152       0   0.000  0.000      0       nan           nan         nan         nan       nan       nan
        7        153       0   0.000  0.000      0       nan           nan         nan         nan       nan       nan
        7        155       0   0.000  0.000      0       nan           nan         nan         nan       nan       nan
        7        156       0   0.000  0.000      0       nan           nan         nan         nan       nan       nan
        7        157       0   0.000  0.000      0       nan           nan         nan         nan       nan       nan
        7        158       0   0.000  0.000      0       nan           nan         nan         nan       nan       nan
        7        159       0   0.000  0.000      0       nan           nan         nan         nan       nan       nan
        7        160       0   0.000  0.000      0       nan           nan         nan         nan       nan       nan
        7        161       0   0.000  0.000      0       nan           nan         nan         nan       nan       nan
        7        162       0   0.000  0.000      0       nan           nan         nan         nan       nan       nan
        7        163       0   0.000  0.000      0       nan           nan         nan         nan       nan       nan
        7        165       0   0.000  0.000      0       nan           nan         nan         nan       nan       nan
        7        166       0   0.000  0.000      0       nan           nan         nan         nan       nan       nan
        7        167       0   0.000  0.000      0       nan           nan         nan         nan       nan       nan
        7        168       0   0.000  0.000      0       nan           nan         nan         nan       nan       nan
        7        169       0   0.000  0.000      0       nan           nan         nan         nan       nan       nan
        7        170       0   0.000  0.000      0       nan           nan         nan         nan       nan       nan
        7        171       0   0.000  0.000      0       nan           nan         nan         nan       nan       nan
        7        172       0   0.000  0.000      0       nan           nan         nan         nan       nan       nan
        7        173       0   0.000  0.000      0       nan           nan         nan         nan       nan       nan
        7        174       0   0.000  0.000      0       nan           nan         nan         nan       nan       nan
        7        175       0   0.000  0.000      0       nan           nan         nan         nan       nan       nan
        7        176       0   0.000  0.000      0       nan           nan         nan         nan       nan       nan
        7        177       0   0.000  0.000      0       nan           nan         nan         nan       nan       nan
        7        178       0   0.000  0.000      0       nan           nan         nan         nan       nan       nan
        7        179       0   0.000  0.000      0       nan           nan         nan         nan       nan       nan
        7        180       0   0.000  0.000      0       nan           nan         nan         nan       nan       nan
        7        182       0   0.000  0.000      0       nan           nan         nan         nan       nan       nan
        7        183       0   0.000  0.000      0       nan           nan         nan         nan       nan       nan
        7        184       0   0.000  0.000      0       nan           nan         nan         nan       nan       nan
        7        185       0   0.000  0.000      0       nan           nan         nan         nan       nan       nan
        7        186       0   0.000  0.000      0       nan           nan         nan         nan       nan       nan
        7        187       0   0.000  0.000      0       nan           nan         nan         nan       nan       nan
        7        188       0   0.000  0.000      0       nan           nan         nan         nan       nan       nan
        7        190       0   0.000  0.000      0       nan           nan         nan         nan       nan       nan
        7        191       0   0.000  0.000      0       nan           nan         nan         nan       nan       nan
        7        192       0   0.000  0.000      0       nan           nan         nan         nan       nan       nan
        7        193       0   0.000  0.000      0       nan           nan         nan         nan       nan       nan
        7        194       0   0.000  0.000      0       nan           nan         nan         nan       nan       nan
        7        195       0   0.000  0.000      0       nan           nan         nan         nan       nan       nan
        7        196       0   0.000  0.000      0       nan           nan         nan         nan       nan       nan
        7        197       0   0.000  0.000      0       nan           nan         nan         nan       nan       nan
        7        198       0   0.000  0.000      0       nan           nan         nan         nan       nan       nan
        7        199       0   0.000  0.000      0       nan           nan         nan         nan       nan       nan
        7        200       0   0.000  0.000      0       nan           nan         nan         nan       nan       nan
        7        201       0   0.000  0.000      0       nan           nan         nan         nan       nan       nan
        7        202       0   0.000  0.000      0       nan           nan         nan         nan       nan       nan
        7        203       0   0.000  0.000      0       nan           nan         nan         nan       nan       nan
        7        204       0   0.000  0.000      0       nan           nan         nan         nan       nan       nan
        7        205       0   0.000  0.000      0       nan           nan         nan         nan       nan       nan
        7        206       0   0.000  0.000      0       nan           nan         nan         nan       nan       nan
        7        208       0   0.000  0.000      0       nan           nan         nan         nan       nan       nan
        8        169       1   0.067  0.246    832     1.000           2.7        25.6        28.3      24.7      24.7
        8        196       1   0.013  0.082    336     1.091           4.6        25.4        30.0      26.9      29.3
        8        117       0   0.007  0.083   1864     1.682           5.7        22.8        28.5      24.7      41.5
        8        194       0   0.005  0.128    612     1.834          12.1        22.1        10.0      24.7      45.3
        8        188       0   0.004  0.097    448     1.297          20.0        20.0        40.0      24.7      32.0
        8        143       0   0.001  0.179   1420     4.000          47.7        22.3        70.0      24.7      98.7
        8        208       0   0.000  0.017     64     1.091          39.4        20.0        59.4      26.9      24.7
        8        125       0   0.000  0.002      8     1.043          10.0        20.0        10.0      23.7      24.7
        8        155       0   0.000  0.009     48     3.364          50.0        30.0        80.0      26.9      90.5
        8        118       0   0.000  0.000      0       nan           nan         nan         nan       nan       nan
        8        119       0   0.000  0.000      0       nan           nan         nan         nan       nan       nan
        8        120       0   0.000  0.000      0       nan           nan         nan         nan       nan       nan
        8        121       0   0.000  0.000      0       nan           nan         nan         nan       nan       nan
        8        122       0   0.000  0.000      0       nan           nan         nan         nan       nan       nan
        8        123       0   0.000  0.000      0       nan           nan         nan         nan       nan       nan
        8        124       0   0.000  0.000      0       nan           nan         nan         nan       nan       nan
        8        126       0   0.000  0.000      0       nan           nan         nan         nan       nan       nan
        8        127       0   0.000  0.000      0       nan           nan         nan         nan       nan       nan
        8        128       0   0.000  0.000      0       nan           nan         nan         nan       nan       nan
        8        129       0   0.000  0.000      0       nan           nan         nan         nan       nan       nan
        8        130       0   0.000  0.000      0       nan           nan         nan         nan       nan       nan
        8        131       0   0.000  0.000      0       nan           nan         nan         nan       nan       nan
        8        132       0   0.000  0.000      0       nan           nan         nan         nan       nan       nan
        8        133       0   0.000  0.000      0       nan           nan         nan         nan       nan       nan
        8        134       0   0.000  0.000      0       nan           nan         nan         nan       nan       nan
        8        135       0   0.000  0.000      0       nan           nan         nan         nan       nan       nan
        8        136       0   0.000  0.000      0       nan           nan         nan         nan       nan       nan
        8        137       0   0.000  0.000      0       nan           nan         nan         nan       nan       nan
        8        138       0   0.000  0.000      0       nan           nan         nan         nan       nan       nan
        8        139       0   0.000  0.000      0       nan           nan         nan         nan       nan       nan
        8        140       0   0.000  0.000      0       nan           nan         nan         nan       nan       nan
        8        141       0   0.000  0.000      0       nan           nan         nan         nan       nan       nan
        8        142       0   0.000  0.000      0       nan           nan         nan         nan       nan       nan
        8        144       0   0.000  0.000      0       nan           nan         nan         nan       nan       nan
        8        145       0   0.000  0.000      0       nan           nan         nan         nan       nan       nan
        8        146       0   0.000  0.000      0       nan           nan         nan         nan       nan       nan
        8        147       0   0.000  0.000      0       nan           nan         nan         nan       nan       nan
        8        148       0   0.000  0.000      0       nan           nan         nan         nan       nan       nan
        8        149       0   0.000  0.000      0       nan           nan         nan         nan       nan       nan
        8        150       0   0.000  0.000      0       nan           nan         nan         nan       nan       nan
        8        151       0   0.000  0.000      0       nan           nan         nan         nan       nan       nan
        8        152       0   0.000  0.000      0       nan           nan         nan         nan       nan       nan
        8        153       0   0.000  0.000      0       nan           nan         nan         nan       nan       nan
        8        154       0   0.000  0.000      0       nan           nan         nan         nan       nan       nan
        8        156       0   0.000  0.000      0       nan           nan         nan         nan       nan       nan
        8        157       0   0.000  0.000      0       nan           nan         nan         nan       nan       nan
        8        158       0   0.000  0.000      0       nan           nan         nan         nan       nan       nan
        8        159       0   0.000  0.000      0       nan           nan         nan         nan       nan       nan
        8        160       0   0.000  0.000      0       nan           nan         nan         nan       nan       nan
        8        161       0   0.000  0.000      0       nan           nan         nan         nan       nan       nan
        8        162       0   0.000  0.000      0       nan           nan         nan         nan       nan       nan
        8        163       0   0.000  0.000      0       nan           nan         nan         nan       nan       nan
        8        164       0   0.000  0.000      0       nan           nan         nan         nan       nan       nan
        8        165       0   0.000  0.000      0       nan           nan         nan         nan       nan       nan
        8        166       0   0.000  0.000      0       nan           nan         nan         nan       nan       nan
        8        167       0   0.000  0.000      0       nan           nan         nan         nan       nan       nan
        8        168       0   0.000  0.000      0       nan           nan         nan         nan       nan       nan
        8        170       0   0.000  0.000      0       nan           nan         nan         nan       nan       nan
        8        171       0   0.000  0.000      0       nan           nan         nan         nan       nan       nan
        8        172       0   0.000  0.000      0       nan           nan         nan         nan       nan       nan
        8        173       0   0.000  0.000      0       nan           nan         nan         nan       nan       nan
        8        174       0   0.000  0.000      0       nan           nan         nan         nan       nan       nan
        8        175       0   0.000  0.000      0       nan           nan         nan         nan       nan       nan
        8        176       0   0.000  0.000      0       nan           nan         nan         nan       nan       nan
        8        177       0   0.000  0.000      0       nan           nan         nan         nan       nan       nan
        8        178       0   0.000  0.000      0       nan           nan         nan         nan       nan       nan
        8        179       0   0.000  0.000      0       nan           nan         nan         nan       nan       nan
        8        180       0   0.000  0.000      0       nan           nan         nan         nan       nan       nan
        8        181       0   0.000  0.000      0       nan           nan         nan         nan       nan       nan
        8        182       0   0.000  0.000      0       nan           nan         nan         nan       nan       nan
        8        183       0   0.000  0.000      0       nan           nan         nan         nan       nan       nan
        8        184       0   0.000  0.000      0       nan           nan         nan         nan       nan       nan
        8        185       0   0.000  0.000      0       nan           nan         nan         nan       nan       nan
        8        186       0   0.000  0.000      0       nan           nan         nan         nan       nan       nan
        8        187       0   0.000  0.000      0       nan           nan         nan         nan       nan       nan
        8        189       0   0.000  0.000      0       nan           nan         nan         nan       nan       nan
        8        190       0   0.000  0.000      0       nan           nan         nan         nan       nan       nan
        8        191       0   0.000  0.000      0       nan           nan         nan         nan       nan       nan
        8        192       0   0.000  0.000      0       nan           nan         nan         nan       nan       nan
        8        193       0   0.000  0.000      0       nan           nan         nan         nan       nan       nan
        8        195       0   0.000  0.000      0       nan           nan         nan         nan       nan       nan
        8        197       0   0.000  0.000      0       nan           nan         nan         nan       nan       nan
        8        198       0   0.000  0.000      0       nan           nan         nan         nan       nan       nan
        8        199       0   0.000  0.000      0       nan           nan         nan         nan       nan       nan
        8        200       0   0.000  0.000      0       nan           nan         nan         nan       nan       nan
        8        201       0   0.000  0.000      0       nan           nan         nan         nan       nan       nan
        8        202       0   0.000  0.000      0       nan           nan         nan         nan       nan       nan
        8        203       0   0.000  0.000      0       nan           nan         nan         nan       nan       nan
        8        204       0   0.000  0.000      0       nan           nan         nan         nan       nan       nan
        8        205       0   0.000  0.000      0       nan           nan         nan         nan       nan       nan
        8        206       0   0.000  0.000      0       nan           nan         nan         nan       nan       nan
        8        207       0   0.000  0.000      0       nan           nan         nan         nan       nan       nan
        8        209       0   0.000  0.000      0       nan           nan         nan         nan       nan       nan
        9        168       1   0.091  0.099   1608     1.091           0.0       110.0       110.0     107.6      98.7
        9        156       0   0.001  0.028    452     2.181          22.9       112.9        90.0     107.6      49.4
        9        117       0   0.000  0.000      0       nan           nan         nan         nan       nan       nan
        9        118       0   0.000  0.000      0       nan           nan         nan         nan       nan       nan
        9        119       0   0.000  0.000      0       nan           nan         nan         nan       nan       nan
        9        120       0   0.000  0.000      0       nan           nan         nan         nan       nan       nan
        9        121       0   0.000  0.000      0       nan           nan         nan         nan       nan       nan
        9        122       0   0.000  0.000      0       nan           nan         nan         nan       nan       nan
        9        123       0   0.000  0.000      0       nan           nan         nan         nan       nan       nan
        9        124       0   0.000  0.000      0       nan           nan         nan         nan       nan       nan
        9        125       0   0.000  0.000      0       nan           nan         nan         nan       nan       nan
        9        126       0   0.000  0.000      0       nan           nan         nan         nan       nan       nan
        9        127       0   0.000  0.000      0       nan           nan         nan         nan       nan       nan
        9        128       0   0.000  0.000      0       nan           nan         nan         nan       nan       nan
        9        129       0   0.000  0.000      0       nan           nan         nan         nan       nan       nan
        9        130       0   0.000  0.000      0       nan           nan         nan         nan       nan       nan
        9        131       0   0.000  0.000      0       nan           nan         nan         nan       nan       nan
        9        132       0   0.000  0.000      0       nan           nan         nan         nan       nan       nan
        9        133       0   0.000  0.000      0       nan           nan         nan         nan       nan       nan
        9        134       0   0.000  0.000      0       nan           nan         nan         nan       nan       nan
        9        135       0   0.000  0.000      0       nan           nan         nan         nan       nan       nan
        9        136       0   0.000  0.000      0       nan           nan         nan         nan       nan       nan
        9        137       0   0.000  0.000      0       nan           nan         nan         nan       nan       nan
        9        138       0   0.000  0.000      0       nan           nan         nan         nan       nan       nan
        9        139       0   0.000  0.000      0       nan           nan         nan         nan       nan       nan
        9        140       0   0.000  0.000      0       nan           nan         nan         nan       nan       nan
        9        141       0   0.000  0.000      0       nan           nan         nan         nan       nan       nan
        9        142       0   0.000  0.000      0       nan           nan         nan         nan       nan       nan
        9        143       0   0.000  0.000      0       nan           nan         nan         nan       nan       nan
        9        144       0   0.000  0.000      0       nan           nan         nan         nan       nan       nan
        9        145       0   0.000  0.000      0       nan           nan         nan         nan       nan       nan
        9        146       0   0.000  0.000      0       nan           nan         nan         nan       nan       nan
        9        147       0   0.000  0.000      0       nan           nan         nan         nan       nan       nan
        9        148       0   0.000  0.000      0       nan           nan         nan         nan       nan       nan
        9        149       0   0.000  0.000      0       nan           nan         nan         nan       nan       nan
        9        150       0   0.000  0.000      0       nan           nan         nan         nan       nan       nan
        9        151       0   0.000  0.000      0       nan           nan         nan         nan       nan       nan
        9        152       0   0.000  0.000      0       nan           nan         nan         nan       nan       nan
        9        153       0   0.000  0.000      0       nan           nan         nan         nan       nan       nan
        9        154       0   0.000  0.000      0       nan           nan         nan         nan       nan       nan
        9        155       0   0.000  0.000      0       nan           nan         nan         nan       nan       nan
        9        157       0   0.000  0.000      0       nan           nan         nan         nan       nan       nan
        9        158       0   0.000  0.000      0       nan           nan         nan         nan       nan       nan
        9        159       0   0.000  0.000      0       nan           nan         nan         nan       nan       nan
        9        160       0   0.000  0.000      0       nan           nan         nan         nan       nan       nan
        9        161       0   0.000  0.000      0       nan           nan         nan         nan       nan       nan
        9        162       0   0.000  0.000      0       nan           nan         nan         nan       nan       nan
        9        163       0   0.000  0.000      0       nan           nan         nan         nan       nan       nan
        9        164       0   0.000  0.000      0       nan           nan         nan         nan       nan       nan
        9        165       0   0.000  0.000      0       nan           nan         nan         nan       nan       nan
        9        166       0   0.000  0.000      0       nan           nan         nan         nan       nan       nan
        9        167       0   0.000  0.000      0       nan           nan         nan         nan       nan       nan
        9        169       0   0.000  0.000      0       nan           nan         nan         nan       nan       nan
        9        170       0   0.000  0.000      0       nan           nan         nan         nan       nan       nan
        9        171       0   0.000  0.000      0       nan           nan         nan         nan       nan       nan
        9        172       0   0.000  0.000      0       nan           nan         nan         nan       nan       nan
        9        173       0   0.000  0.000      0       nan           nan         nan         nan       nan       nan
        9        174       0   0.000  0.000      0       nan           nan         nan         nan       nan       nan
        9        175       0   0.000  0.000      0       nan           nan         nan         nan       nan       nan
        9        176       0   0.000  0.000      0       nan           nan         nan         nan       nan       nan
        9        177       0   0.000  0.000      0       nan           nan         nan         nan       nan       nan
        9        178       0   0.000  0.000      0       nan           nan         nan         nan       nan       nan
        9        179       0   0.000  0.000      0       nan           nan         nan         nan       nan       nan
        9        180       0   0.000  0.000      0       nan           nan         nan         nan       nan       nan
        9        181       0   0.000  0.000      0       nan           nan         nan         nan       nan       nan
        9        182       0   0.000  0.000      0       nan           nan         nan         nan       nan       nan
        9        183       0   0.000  0.000      0       nan           nan         nan         nan       nan       nan
        9        184       0   0.000  0.000      0       nan           nan         nan         nan       nan       nan
        9        185       0   0.000  0.000      0       nan           nan         nan         nan       nan       nan
        9        186       0   0.000  0.000      0       nan           nan         nan         nan       nan       nan
        9        187       0   0.000  0.000      0       nan           nan         nan         nan       nan       nan
        9        188       0   0.000  0.000      0       nan           nan         nan         nan       nan       nan
        9        189       0   0.000  0.000      0       nan           nan         nan         nan       nan       nan
        9        190       0   0.000  0.000      0       nan           nan         nan         nan       nan       nan
        9        191       0   0.000  0.000      0       nan           nan         nan         nan       nan       nan
        9        192       0   0.000  0.000      0       nan           nan         nan         nan       nan       nan
        9        193       0   0.000  0.000      0       nan           nan         nan         nan       nan       nan
        9        194       0   0.000  0.000      0       nan           nan         nan         nan       nan       nan
        9        195       0   0.000  0.000      0       nan           nan         nan         nan       nan       nan
        9        196       0   0.000  0.000      0       nan           nan         nan         nan       nan       nan
        9        197       0   0.000  0.000      0       nan           nan         nan         nan       nan       nan
        9        198       0   0.000  0.000      0       nan           nan         nan         nan       nan       nan
        9        199       0   0.000  0.000      0       nan           nan         nan         nan       nan       nan
        9        200       0   0.000  0.000      0       nan           nan         nan         nan       nan       nan
        9        201       0   0.000  0.000      0       nan           nan         nan         nan       nan       nan
        9        202       0   0.000  0.000      0       nan           nan         nan         nan       nan       nan
        9        203       0   0.000  0.000      0       nan           nan         nan         nan       nan       nan
        9        204       0   0.000  0.000      0       nan           nan         nan         nan       nan       nan
        9        205       0   0.000  0.000      0       nan           nan         nan         nan       nan       nan
        9        206       0   0.000  0.000      0       nan           nan         nan         nan       nan       nan
        9        207       0   0.000  0.000      0       nan           nan         nan         nan       nan       nan
        9        208       0   0.000  0.000      0       nan           nan         nan         nan       nan       nan
        9        209       0   0.000  0.000      0       nan           nan         nan         nan       nan       nan
       10        187       0   0.012  0.480    436     1.189          33.3       112.5       145.9      16.0      19.0
       10        147       0   0.004  0.414    480     1.414          72.7       110.5         3.2      16.0      22.6
       10        197       0   0.004  0.164    356     2.378          17.0       113.0       130.0      16.0      38.1
       10        162       0   0.003  0.287    408     4.757          20.0       110.0       130.0      16.0      76.1
       10        183       0   0.003  0.221    208     4.362          19.2       110.8       130.0      16.0      69.8
       10        127       0   0.001  0.086    780     2.181          29.4       111.4       140.8      16.0      34.9
       10        176       0   0.001  0.197    332     3.084          66.8       113.2         0.0      16.0      49.4
       10        186       0   0.001  0.061    148     2.828          22.7       113.5       136.2      16.0      45.3
       10        135       0   0.001  0.171    452     4.757          47.5       112.5       160.0      16.0      76.1
       10        121       0   0.001  0.085    812     4.757          28.7       111.3       140.0      16.0      76.1
       10        119       0   0.000  0.050    812     4.757          42.8       111.3       154.1      16.0      76.1
       10        117       0   0.000  0.039    808     2.594          73.3       111.3         4.6      16.0      41.5
       10        149       0   0.000  0.026     80     2.181          68.5       111.5         0.0      16.0      34.9
       10        177       0   0.000  0.014     12     5.187          20.0       110.0       130.0      16.0      83.0
       10        143       0   0.000  0.001      8     4.757          30.0       100.0        70.0      20.7      98.7
       10        118       0   0.000  0.000      0       nan           nan         nan         nan       nan       nan
       10        120       0   0.000  0.000      0       nan           nan         nan         nan       nan       nan
       10        122       0   0.000  0.000      0       nan           nan         nan         nan       nan       nan
       10        123       0   0.000  0.000      0       nan           nan         nan         nan       nan       nan
       10        124       0   0.000  0.000      0       nan           nan         nan         nan       nan       nan
       10        125       0   0.000  0.000      0       nan           nan         nan         nan       nan       nan
       10        126       0   0.000  0.000      0       nan           nan         nan         nan       nan       nan
       10        128       0   0.000  0.000      0       nan           nan         nan         nan       nan       nan
       10        129       0   0.000  0.000      0       nan           nan         nan         nan       nan       nan
       10        130       0   0.000  0.000      0       nan           nan         nan         nan       nan       nan
       10        131       0   0.000  0.000      0       nan           nan         nan         nan       nan       nan
       10        132       0   0.000  0.000      0       nan           nan         nan         nan       nan       nan
       10        133       0   0.000  0.000      0       nan           nan         nan         nan       nan       nan
       10        134       0   0.000  0.000      0       nan           nan         nan         nan       nan       nan
       10        136       0   0.000  0.000      0       nan           nan         nan         nan       nan       nan
       10        137       0   0.000  0.000      0       nan           nan         nan         nan       nan       nan
       10        138       0   0.000  0.000      0       nan           nan         nan         nan       nan       nan
       10        139       0   0.000  0.000      0       nan           nan         nan         nan       nan       nan
       10        140       0   0.000  0.000      0       nan           nan         nan         nan       nan       nan
       10        141       0   0.000  0.000      0       nan           nan         nan         nan       nan       nan
       10        142       0   0.000  0.000      0       nan           nan         nan         nan       nan       nan
       10        144       0   0.000  0.000      0       nan           nan         nan         nan       nan       nan
       10        145       0   0.000  0.000      0       nan           nan         nan         nan       nan       nan
       10        146       0   0.000  0.000      0       nan           nan         nan         nan       nan       nan
       10        148       0   0.000  0.000      0       nan           nan         nan         nan       nan       nan
       10        150       0   0.000  0.000      0       nan           nan         nan         nan       nan       nan
       10        151       0   0.000  0.000      0       nan           nan         nan         nan       nan       nan
       10        152       0   0.000  0.000      0       nan           nan         nan         nan       nan       nan
       10        153       0   0.000  0.000      0       nan           nan         nan         nan       nan       nan
       10        154       0   0.000  0.000      0       nan           nan         nan         nan       nan       nan
       10        155       0   0.000  0.000      0       nan           nan         nan         nan       nan       nan
       10        156       0   0.000  0.000      0       nan           nan         nan         nan       nan       nan
       10        157       0   0.000  0.000      0       nan           nan         nan         nan       nan       nan
       10        158       0   0.000  0.000      0       nan           nan         nan         nan       nan       nan
       10        159       0   0.000  0.000      0       nan           nan         nan         nan       nan       nan
       10        160       0   0.000  0.000      0       nan           nan         nan         nan       nan       nan
       10        161       0   0.000  0.000      0       nan           nan         nan         nan       nan       nan
       10        163       0   0.000  0.000      0       nan           nan         nan         nan       nan       nan
       10        164       0   0.000  0.000      0       nan           nan         nan         nan       nan       nan
       10        165       0   0.000  0.000      0       nan           nan         nan         nan       nan       nan
       10        166       0   0.000  0.000      0       nan           nan         nan         nan       nan       nan
       10        167       0   0.000  0.000      0       nan           nan         nan         nan       nan       nan
       10        168       0   0.000  0.000      0       nan           nan         nan         nan       nan       nan
       10        169       0   0.000  0.000      0       nan           nan         nan         nan       nan       nan
       10        170       0   0.000  0.000      0       nan           nan         nan         nan       nan       nan
       10        171       0   0.000  0.000      0       nan           nan         nan         nan       nan       nan
       10        172       0   0.000  0.000      0       nan           nan         nan         nan       nan       nan
       10        173       0   0.000  0.000      0       nan           nan         nan         nan       nan       nan
       10        174       0   0.000  0.000      0       nan           nan         nan         nan       nan       nan
       10        175       0   0.000  0.000      0       nan           nan         nan         nan       nan       nan
       10        178       0   0.000  0.000      0       nan           nan         nan         nan       nan       nan
       10        179       0   0.000  0.000      0       nan           nan         nan         nan       nan       nan
       10        180       0   0.000  0.000      0       nan           nan         nan         nan       nan       nan
       10        181       0   0.000  0.000      0       nan           nan         nan         nan       nan       nan
       10        182       0   0.000  0.000      0       nan           nan         nan         nan       nan       nan
       10        184       0   0.000  0.000      0       nan           nan         nan         nan       nan       nan
       10        185       0   0.000  0.000      0       nan           nan         nan         nan       nan       nan
       10        188       0   0.000  0.000      0       nan           nan         nan         nan       nan       nan
       10        189       0   0.000  0.000      0       nan           nan         nan         nan       nan       nan
       10        190       0   0.000  0.000      0       nan           nan         nan         nan       nan       nan
       10        191       0   0.000  0.000      0       nan           nan         nan         nan       nan       nan
       10        192       0   0.000  0.000      0       nan           nan         nan         nan       nan       nan
       10        193       0   0.000  0.000      0       nan           nan         nan         nan       nan       nan
       10        194       0   0.000  0.000      0       nan           nan         nan         nan       nan       nan
       10        195       0   0.000  0.000      0       nan           nan         nan         nan       nan       nan
       10        196       0   0.000  0.000      0       nan           nan         nan         nan       nan       nan
       10        198       0   0.000  0.000      0       nan           nan         nan         nan       nan       nan
       10        199       0   0.000  0.000      0       nan           nan         nan         nan       nan       nan
       10        200       0   0.000  0.000      0       nan           nan         nan         nan       nan       nan
       10        201       0   0.000  0.000      0       nan           nan         nan         nan       nan       nan
       10        202       0   0.000  0.000      0       nan           nan         nan         nan       nan       nan
       10        203       0   0.000  0.000      0       nan           nan         nan         nan       nan       nan
       10        204       0   0.000  0.000      0       nan           nan         nan         nan       nan       nan
       10        205       0   0.000  0.000      0       nan           nan         nan         nan       nan       nan
       10        206       0   0.000  0.000      0       nan           nan         nan         nan       nan       nan
       10        207       0   0.000  0.000      0       nan           nan         nan         nan       nan       nan
       10        208       0   0.000  0.000      0       nan           nan         nan         nan       nan       nan
       10        209       0   0.000  0.000      0       nan           nan         nan         nan       nan       nan
