Cluster power ranking (clustered only)

name = base
MIN_AMP = 1.25
THR = 0.6
WHITE_NOISE_THRESHOLD = 0.1
WPS_NOISE_THRESHOLD = 8.0

rank  kcl      P_abs           P_pct
   1    0   7.585705e+05    23.85%
   2    2   2.850760e+05     8.96%
   3    3   2.064977e+05     6.49%
   4    8   1.286849e+05     4.05%
   5    5   1.277713e+05     4.02%
   6   11   1.221793e+05     3.84%
   7   13   9.984166e+04     3.14%
   8    7   9.287069e+04     2.92%
   9   28   7.719695e+04     2.43%
  10   19   5.720402e+04     1.80%
  11    6   5.649726e+04     1.78%
  12    1   5.420389e+04     1.70%
  13    9   5.052986e+04     1.59%
  14   34   4.005911e+04     1.26%
  15   23   3.482394e+04     1.09%
  16   22   3.191498e+04     1.00%
  17   15   3.023220e+04     0.95%
  18   94   2.818546e+04     0.89%
  19   65   2.709096e+04     0.85%
  20   18   2.652280e+04     0.83%
  21    4   2.229028e+04     0.70%
  22   29   2.126790e+04     0.67%
  23   20   1.976273e+04     0.62%
  24   50   1.962409e+04     0.62%
  25   39   1.938698e+04     0.61%
  26   14   1.752341e+04     0.55%
  27   31   1.737924e+04     0.55%
  28   53   1.704094e+04     0.54%
  29   26   1.701394e+04     0.53%
  30   10   1.601140e+04     0.50%
  31   36   1.600632e+04     0.50%
  32   16   1.598825e+04     0.50%
  33   24   1.552152e+04     0.49%
  34   12   1.378683e+04     0.43%
  35  105   1.369469e+04     0.43%
  36   70   1.364611e+04     0.43%
  37   25   1.326507e+04     0.42%
  38   17   1.301862e+04     0.41%
  39   51   1.280523e+04     0.40%
  40   21   1.080000e+04     0.34%
  41   33   1.059881e+04     0.33%
  42  148   1.056671e+04     0.33%
  43   58   1.047875e+04     0.33%
  44   30   1.033776e+04     0.33%
  45   32   1.018834e+04     0.32%
  46   66   1.013728e+04     0.32%
  47   41   1.006584e+04     0.32%
  48   60   9.897153e+03     0.31%
  49   61   9.756845e+03     0.31%
  50   44   9.613793e+03     0.30%
  51   56   8.768433e+03     0.28%
  52   57   8.567714e+03     0.27%
  53   85   8.075446e+03     0.25%
  54  159   7.623745e+03     0.24%
  55   49   7.610401e+03     0.24%
  56   64   7.566318e+03     0.24%
  57   35   7.008476e+03     0.22%
  58   88   6.259589e+03     0.20%
  59   27   6.214356e+03     0.20%
  60   52   6.138231e+03     0.19%
  61   73   5.993431e+03     0.19%
  62   84   5.652302e+03     0.18%
  63   78   5.186952e+03     0.16%
  64   96   4.900546e+03     0.15%
  65   89   4.756653e+03     0.15%
  66   55   4.631360e+03     0.15%
  67   90   4.604550e+03     0.14%
  68   48   4.421289e+03     0.14%
  69   79   4.386815e+03     0.14%
  70   83   4.357793e+03     0.14%
  71   40   4.192265e+03     0.13%
  72   87   4.191279e+03     0.13%
  73  111   4.130510e+03     0.13%
  74   97   4.116924e+03     0.13%
  75   46   4.042939e+03     0.13%
  76   54   4.039413e+03     0.13%
  77   62   4.032563e+03     0.13%
  78   92   3.989281e+03     0.13%
  79   38   3.928310e+03     0.12%
  80   47   3.778850e+03     0.12%
  81   81   3.744390e+03     0.12%
  82  121   3.733622e+03     0.12%
  83  175   3.638545e+03     0.11%
  84  165   3.591595e+03     0.11%
  85   45   3.586374e+03     0.11%
  86   95   3.517914e+03     0.11%
  87   93   3.479119e+03     0.11%
  88   69   3.469798e+03     0.11%
  89  112   3.322610e+03     0.10%
  90  133   3.212219e+03     0.10%
  91   82   3.049891e+03     0.10%
  92   80   3.047280e+03     0.10%
  93  114   2.699153e+03     0.08%
  94  150   2.672357e+03     0.08%
  95  100   2.558961e+03     0.08%
  96   37   2.454377e+03     0.08%
  97   43   2.426035e+03     0.08%
  98   86   2.346739e+03     0.07%
  99  101   2.326586e+03     0.07%
 100  162   2.217233e+03     0.07%
 101  117   2.211056e+03     0.07%
 102  103   2.191718e+03     0.07%
 103   98   2.175554e+03     0.07%
 104  136   2.157151e+03     0.07%
 105  130   2.150963e+03     0.07%
 106   42   2.133737e+03     0.07%
 107   76   2.098637e+03     0.07%
 108  199   1.993155e+03     0.06%
 109  277   1.987993e+03     0.06%
 110  108   1.876139e+03     0.06%
 111  102   1.803079e+03     0.06%
 112  154   1.781116e+03     0.06%
 113  177   1.769886e+03     0.06%
 114  223   1.729045e+03     0.05%
 115  120   1.721672e+03     0.05%
 116  109   1.718303e+03     0.05%
 117  215   1.698274e+03     0.05%
 118  210   1.683922e+03     0.05%
 119   68   1.683010e+03     0.05%
 120   72   1.670768e+03     0.05%
 121  266   1.548795e+03     0.05%
 122  126   1.528754e+03     0.05%
 123  196   1.524666e+03     0.05%
 124  106   1.492526e+03     0.05%
 125   74   1.474930e+03     0.05%
 126  158   1.469063e+03     0.05%
 127  131   1.451266e+03     0.05%
 128   59   1.447987e+03     0.05%
 129  153   1.443101e+03     0.05%
 130  209   1.434638e+03     0.05%
 131  104   1.403829e+03     0.04%
 132  160   1.403055e+03     0.04%
 133  183   1.400492e+03     0.04%
 134  115   1.394808e+03     0.04%
 135  174   1.388497e+03     0.04%
 136  143   1.387424e+03     0.04%
 137  138   1.381559e+03     0.04%
 138  329   1.376945e+03     0.04%
 139  170   1.363826e+03     0.04%
 140  110   1.328181e+03     0.04%
 141  305   1.321292e+03     0.04%
 142   63   1.315318e+03     0.04%
 143  116   1.308790e+03     0.04%
 144  155   1.303685e+03     0.04%
 145  239   1.226713e+03     0.04%
 146  151   1.216496e+03     0.04%
 147  129   1.189212e+03     0.04%
 148  292   1.184210e+03     0.04%
 149  137   1.184018e+03     0.04%
 150  139   1.172329e+03     0.04%
 151  280   1.165901e+03     0.04%
 152   77   1.154365e+03     0.04%
 153  125   1.144936e+03     0.04%
 154  119   1.141163e+03     0.04%
 155  146   1.117373e+03     0.04%
 156  194   1.113157e+03     0.03%
 157  315   1.096046e+03     0.03%
 158  478   1.062980e+03     0.03%
 159  370   1.028414e+03     0.03%
 160  132   1.021266e+03     0.03%
 161  246   1.009882e+03     0.03%
 162  145   1.009779e+03     0.03%
 163  256   1.005048e+03     0.03%
 164   91   9.945900e+02     0.03%
 165  227   9.857600e+02     0.03%
 166  122   9.823538e+02     0.03%
 167  134   9.820819e+02     0.03%
 168  118   9.741819e+02     0.03%
 169   71   9.721087e+02     0.03%
 170  284   9.618615e+02     0.03%
 171  171   9.522888e+02     0.03%
 172  187   9.426424e+02     0.03%
 173  176   9.331804e+02     0.03%
 174  107   9.281656e+02     0.03%
 175  374   9.201586e+02     0.03%
 176  372   9.108883e+02     0.03%
 177  186   9.005598e+02     0.03%
 178  395   8.891541e+02     0.03%
 179  218   8.804270e+02     0.03%
 180   99   8.791579e+02     0.03%
 181  341   8.751886e+02     0.03%
 182  231   8.650364e+02     0.03%
 183  224   8.585396e+02     0.03%
 184  343   8.503172e+02     0.03%
 185  135   8.496442e+02     0.03%
 186  261   8.208636e+02     0.03%
 187  300   8.166223e+02     0.03%
 188  487   8.131998e+02     0.03%
 189  314   8.038681e+02     0.03%
 190  271   7.921010e+02     0.02%
 191  241   7.897818e+02     0.02%
 192  454   7.692132e+02     0.02%
 193  149   7.566897e+02     0.02%
 194   75   7.521487e+02     0.02%
 195  147   7.408845e+02     0.02%
 196  240   7.241275e+02     0.02%
 197  124   7.199630e+02     0.02%
 198  328   7.199244e+02     0.02%
 199  420   7.195300e+02     0.02%
 200  184   6.882291e+02     0.02%
 201  401   6.879082e+02     0.02%
 202   67   6.871629e+02     0.02%
 203  301   6.825862e+02     0.02%
 204  281   6.765854e+02     0.02%
 205  313   6.604141e+02     0.02%
 206  353   6.524535e+02     0.02%
 207  408   6.502237e+02     0.02%
 208  229   6.262548e+02     0.02%
 209  152   6.193159e+02     0.02%
 210  144   6.121004e+02     0.02%
 211  339   6.116636e+02     0.02%
 212  201   6.015734e+02     0.02%
 213  169   5.968863e+02     0.02%
 214  493   5.952354e+02     0.02%
 215  263   5.941058e+02     0.02%
 216  359   5.898455e+02     0.02%
 217  140   5.896911e+02     0.02%
 218  168   5.740405e+02     0.02%
 219  214   5.706732e+02     0.02%
 220  346   5.451466e+02     0.02%
 221  450   5.443482e+02     0.02%
 222  226   5.346003e+02     0.02%
 223  434   5.278182e+02     0.02%
 224  211   5.270840e+02     0.02%
 225  264   5.236275e+02     0.02%
 226  375   5.162836e+02     0.02%
 227  113   5.121372e+02     0.02%
 228  141   5.075267e+02     0.02%
 229  220   5.004633e+02     0.02%
 230  233   4.990683e+02     0.02%
 231  179   4.982949e+02     0.02%
 232  269   4.889389e+02     0.02%
 233  424   4.852101e+02     0.02%
 234  128   4.851467e+02     0.02%
 235  444   4.814564e+02     0.02%
 236  191   4.813814e+02     0.02%
 237  253   4.779842e+02     0.02%
 238  232   4.775999e+02     0.02%
 239  178   4.714279e+02     0.01%
 240  156   4.652217e+02     0.01%
 241  163   4.624396e+02     0.01%
 242  490   4.536992e+02     0.01%
 243  244   4.526846e+02     0.01%
 244  472   4.458310e+02     0.01%
 245  272   4.430123e+02     0.01%
 246  356   4.365764e+02     0.01%
 247  447   4.359815e+02     0.01%
 248  275   4.293638e+02     0.01%
 249  276   4.282938e+02     0.01%
 250  411   4.204781e+02     0.01%
 251  142   4.172195e+02     0.01%
 252  496   4.107506e+02     0.01%
 253  212   4.099921e+02     0.01%
 254  127   4.065285e+02     0.01%
 255  242   4.064425e+02     0.01%
 256  219   4.061722e+02     0.01%
 257  161   3.998033e+02     0.01%
 258  228   3.976450e+02     0.01%
 259  157   3.972979e+02     0.01%
 260  495   3.902311e+02     0.01%
 261  123   3.885205e+02     0.01%
 262  260   3.867168e+02     0.01%
 263  190   3.858814e+02     0.01%
 264  419   3.850395e+02     0.01%
 265  268   3.731531e+02     0.01%
 266  221   3.573739e+02     0.01%
 267  180   3.527383e+02     0.01%
 268  451   3.523691e+02     0.01%
 269  526   3.518564e+02     0.01%
 270  166   3.511574e+02     0.01%
 271  391   3.496258e+02     0.01%
 272  172   3.453662e+02     0.01%
 273  465   3.442466e+02     0.01%
 274  364   3.346038e+02     0.01%
 275  514   3.302092e+02     0.01%
 276  326   3.253428e+02     0.01%
 277  445   3.250172e+02     0.01%
 278  167   3.224993e+02     0.01%
 279  311   3.193095e+02     0.01%
 280  182   3.192886e+02     0.01%
 281  518   3.173822e+02     0.01%
 282  476   3.143344e+02     0.01%
 283  193   3.109705e+02     0.01%
 284  290   3.091730e+02     0.01%
 285  499   3.063600e+02     0.01%
 286  335   3.052529e+02     0.01%
 287  310   2.997311e+02     0.01%
 288  225   2.976744e+02     0.01%
 289  208   2.942658e+02     0.01%
 290  442   2.934818e+02     0.01%
 291  381   2.931479e+02     0.01%
 292  440   2.928764e+02     0.01%
 293  497   2.908602e+02     0.01%
 294  274   2.863320e+02     0.01%
 295  198   2.823983e+02     0.01%
 296  462   2.822300e+02     0.01%
 297  230   2.819216e+02     0.01%
 298  368   2.816826e+02     0.01%
 299  470   2.811402e+02     0.01%
 300  433   2.774836e+02     0.01%
 301  426   2.769593e+02     0.01%
 302  369   2.766617e+02     0.01%
 303  428   2.687197e+02     0.01%
 304  247   2.685683e+02     0.01%
 305  164   2.624579e+02     0.01%
 306  363   2.607389e+02     0.01%
 307  304   2.563441e+02     0.01%
 308  324   2.534555e+02     0.01%
 309  257   2.527314e+02     0.01%
 310  306   2.518436e+02     0.01%
 311  273   2.504461e+02     0.01%
 312  431   2.504384e+02     0.01%
 313  455   2.492547e+02     0.01%
 314  293   2.451557e+02     0.01%
 315  412   2.445512e+02     0.01%
 316  238   2.436954e+02     0.01%
 317  352   2.402934e+02     0.01%
 318  385   2.379177e+02     0.01%
 319  320   2.330892e+02     0.01%
 320  347   2.323167e+02     0.01%
 321  407   2.317133e+02     0.01%
 322  243   2.303359e+02     0.01%
 323  278   2.290727e+02     0.01%
 324  316   2.289757e+02     0.01%
 325  203   2.288054e+02     0.01%
 326  337   2.249473e+02     0.01%
 327  288   2.228426e+02     0.01%
 328  318   2.197187e+02     0.01%
 329  188   2.192102e+02     0.01%
 330  409   2.188860e+02     0.01%
 331  236   2.179145e+02     0.01%
 332  469   2.148810e+02     0.01%
 333  415   2.128609e+02     0.01%
 334  500   2.086259e+02     0.01%
 335  417   2.050729e+02     0.01%
 336  307   2.050159e+02     0.01%
 337  505   2.049332e+02     0.01%
 338  312   2.029471e+02     0.01%
 339  282   2.001345e+02     0.01%
 340  173   1.991975e+02     0.01%
 341  511   1.970879e+02     0.01%
 342  189   1.961679e+02     0.01%
 343  192   1.946892e+02     0.01%
 344  394   1.927949e+02     0.01%
 345  430   1.914439e+02     0.01%
 346  185   1.904560e+02     0.01%
 347  197   1.888108e+02     0.01%
 348  213   1.883611e+02     0.01%
 349  414   1.880186e+02     0.01%
 350  286   1.847046e+02     0.01%
 351  492   1.840215e+02     0.01%
 352  361   1.832432e+02     0.01%
 353  254   1.822268e+02     0.01%
 354  477   1.813863e+02     0.01%
 355  285   1.806439e+02     0.01%
 356  467   1.799952e+02     0.01%
 357  248   1.792656e+02     0.01%
 358  250   1.781150e+02     0.01%
 359  388   1.748385e+02     0.01%
 360  480   1.709559e+02     0.01%
 361  287   1.707746e+02     0.01%
 362  494   1.695372e+02     0.01%
 363  458   1.651279e+02     0.01%
 364  325   1.641262e+02     0.01%
 365  509   1.603069e+02     0.01%
 366  377   1.597115e+02     0.01%
 367  342   1.587203e+02     0.00%
 368  181   1.585215e+02     0.00%
 369  333   1.540664e+02     0.00%
 370  498   1.515598e+02     0.00%
 371  367   1.506916e+02     0.00%
 372  397   1.503962e+02     0.00%
 373  402   1.496580e+02     0.00%
 374  338   1.488876e+02     0.00%
 375  267   1.478414e+02     0.00%
 376  413   1.467931e+02     0.00%
 377  298   1.449090e+02     0.00%
 378  234   1.424227e+02     0.00%
 379  204   1.420883e+02     0.00%
 380  449   1.403156e+02     0.00%
 381  534   1.370758e+02     0.00%
 382  265   1.367865e+02     0.00%
 383  255   1.276936e+02     0.00%
 384  302   1.248425e+02     0.00%
 385  366   1.226830e+02     0.00%
 386  355   1.193861e+02     0.00%
 387  283   1.190940e+02     0.00%
 388  418   1.183135e+02     0.00%
 389  252   1.181194e+02     0.00%
 390  403   1.158541e+02     0.00%
 391  365   1.158438e+02     0.00%
 392  501   1.149605e+02     0.00%
 393  503   1.136350e+02     0.00%
 394  262   1.129927e+02     0.00%
 395  323   1.115225e+02     0.00%
 396  303   1.114709e+02     0.00%
 397  456   1.107677e+02     0.00%
 398  405   1.018404e+02     0.00%
 399  464   1.015918e+02     0.00%
 400  429   9.989274e+01     0.00%
 401  457   9.905552e+01     0.00%
 402  504   9.777143e+01     0.00%
 403  309   9.657436e+01     0.00%
 404  488   9.656350e+01     0.00%
 405  399   9.617896e+01     0.00%
 406  258   9.499090e+01     0.00%
 407  330   9.369841e+01     0.00%
 408  202   9.330553e+01     0.00%
 409  523   8.943837e+01     0.00%
 410  436   8.915560e+01     0.00%
 411  205   8.740858e+01     0.00%
 412  410   8.581239e+01     0.00%
 413  423   8.324949e+01     0.00%
 414  294   8.299127e+01     0.00%
 415  446   8.282663e+01     0.00%
 416  348   8.222676e+01     0.00%
 417  533   7.985365e+01     0.00%
 418  259   7.890081e+01     0.00%
 419  483   7.859687e+01     0.00%
 420  296   7.834160e+01     0.00%
 421  406   7.683573e+01     0.00%
 422  441   7.566895e+01     0.00%
 423  222   7.540756e+01     0.00%
 424  404   7.084222e+01     0.00%
 425  362   6.968042e+01     0.00%
 426  416   6.870152e+01     0.00%
 427  206   6.769462e+01     0.00%
 428  522   6.755390e+01     0.00%
 429  452   6.698210e+01     0.00%
 430  471   6.565636e+01     0.00%
 431  200   6.511523e+01     0.00%
 432  473   6.412780e+01     0.00%
 433  237   6.013975e+01     0.00%
 434  195   5.948604e+01     0.00%
 435  327   5.919548e+01     0.00%
 436  516   5.911502e+01     0.00%
 437  506   5.864273e+01     0.00%
 438  515   5.832459e+01     0.00%
 439  485   5.695166e+01     0.00%
 440  249   5.691554e+01     0.00%
 441  331   5.635294e+01     0.00%
 442  270   5.565511e+01     0.00%
 443  529   5.445609e+01     0.00%
 444  340   5.431498e+01     0.00%
 445  525   5.245272e+01     0.00%
 446  379   5.228028e+01     0.00%
 447  322   4.994415e+01     0.00%
 448  510   4.879782e+01     0.00%
 449  380   4.821738e+01     0.00%
 450  427   4.801242e+01     0.00%
 451  389   4.777197e+01     0.00%
 452  517   4.765540e+01     0.00%
 453  393   4.763211e+01     0.00%
 454  475   4.731531e+01     0.00%
 455  519   4.682393e+01     0.00%
 456  463   4.622395e+01     0.00%
 457  535   4.537729e+01     0.00%
 458  332   4.495939e+01     0.00%
 459  350   4.488187e+01     0.00%
 460  460   4.472950e+01     0.00%
 461  291   4.287761e+01     0.00%
 462  484   4.276924e+01     0.00%
 463  421   4.262591e+01     0.00%
 464  251   4.138712e+01     0.00%
 465  513   4.087664e+01     0.00%
 466  524   4.041068e+01     0.00%
 467  378   4.033942e+01     0.00%
 468  371   4.014501e+01     0.00%
 469  308   4.014043e+01     0.00%
 470  373   4.010095e+01     0.00%
 471  386   3.998530e+01     0.00%
 472  508   3.951378e+01     0.00%
 473  245   3.898674e+01     0.00%
 474  351   3.587619e+01     0.00%
 475  461   3.504315e+01     0.00%
 476  502   3.490260e+01     0.00%
 477  521   3.441606e+01     0.00%
 478  336   3.363678e+01     0.00%
 479  207   3.362899e+01     0.00%
 480  344   3.346813e+01     0.00%
 481  512   3.142652e+01     0.00%
 482  459   3.040874e+01     0.00%
 483  466   3.018092e+01     0.00%
 484  354   2.886580e+01     0.00%
 485  216   2.770543e+01     0.00%
 486  376   2.735067e+01     0.00%
 487  520   2.670687e+01     0.00%
 488  527   2.628601e+01     0.00%
 489  317   2.564304e+01     0.00%
 490  507   2.535002e+01     0.00%
 491  334   2.469700e+01     0.00%
 492  349   2.451387e+01     0.00%
 493  321   2.327510e+01     0.00%
 494  384   2.297045e+01     0.00%
 495  358   2.219609e+01     0.00%
 496  289   2.195773e+01     0.00%
 497  528   2.164529e+01     0.00%
 498  319   2.110968e+01     0.00%
 499  382   2.091525e+01     0.00%
 500  360   1.991624e+01     0.00%
 501  422   1.939943e+01     0.00%
 502  235   1.866597e+01     0.00%
 503  530   1.848962e+01     0.00%
 504  345   1.788288e+01     0.00%
 505  295   1.703754e+01     0.00%
 506  468   1.591334e+01     0.00%
 507  438   1.531435e+01     0.00%
 508  383   1.465833e+01     0.00%
 509  390   1.452840e+01     0.00%
 510  532   1.393096e+01     0.00%
 511  425   1.356116e+01     0.00%
 512  387   1.253000e+01     0.00%
 513  474   1.226650e+01     0.00%
 514  479   1.216457e+01     0.00%
 515  435   1.159371e+01     0.00%
 516  439   1.148584e+01     0.00%
 517  357   1.109971e+01     0.00%
 518  392   1.036029e+01     0.00%
 519  297   9.707289e+00     0.00%
 520  432   9.629771e+00     0.00%
 521  443   9.515626e+00     0.00%
 522  448   9.490750e+00     0.00%
 523  531   9.253218e+00     0.00%
 524  482   8.692190e+00     0.00%
 525  481   8.688538e+00     0.00%
 526  437   7.674243e+00     0.00%
 527  299   7.276451e+00     0.00%
 528  486   6.931377e+00     0.00%
 529  489   5.181834e+00     0.00%
 530  279   5.034311e+00     0.00%
 531  396   4.148228e+00     0.00%
 532  453   3.791256e+00     0.00%
 533  491   3.445922e+00     0.00%
 534  217   2.765135e+00     0.00%
 535  398   2.073032e+00     0.00%
 536  400   2.062718e+00     0.00%
