Cluster power ranking (clustered only)
rank  kcl      P_abs           P_pct
   1    0   5.625485e+05    73.74%
   2    3   2.893558e+04     3.79%
   3   12   2.868780e+04     3.76%
   4    2   2.532729e+04     3.32%
   5   20   1.606438e+04     2.11%
   6    1   1.287324e+04     1.69%
   7    7   1.157102e+04     1.52%
   8   17   7.522321e+03     0.99%
   9    5   7.260557e+03     0.95%
  10   13   5.712186e+03     0.75%
  11    4   5.625911e+03     0.74%
  12    8   4.714749e+03     0.62%
  13   14   4.307893e+03     0.56%
  14   10   3.027712e+03     0.40%
  15    9   2.817334e+03     0.37%
  16   29   2.241131e+03     0.29%
  17    6   2.093118e+03     0.27%
  18   71   1.735554e+03     0.23%
  19   33   1.527114e+03     0.20%
  20   27   1.407587e+03     0.18%
  21   34   1.374986e+03     0.18%
  22   18   1.278690e+03     0.17%
  23   47   9.687764e+02     0.13%
  24   15   9.586157e+02     0.13%
  25   25   9.341735e+02     0.12%
  26   36   9.243273e+02     0.12%
  27   30   9.020229e+02     0.12%
  28   19   7.578110e+02     0.10%
  29   23   6.371475e+02     0.08%
  30  138   6.067320e+02     0.08%
  31   24   5.756880e+02     0.08%
  32   42   5.330848e+02     0.07%
  33   82   5.138379e+02     0.07%
  34   67   4.994881e+02     0.07%
  35   43   4.859250e+02     0.06%
  36   37   4.506021e+02     0.06%
  37   11   4.494039e+02     0.06%
  38   48   4.059626e+02     0.05%
  39   45   3.354153e+02     0.04%
  40   41   3.276862e+02     0.04%
  41   54   3.261231e+02     0.04%
  42   83   3.202181e+02     0.04%
  43   26   3.167881e+02     0.04%
  44  149   3.027346e+02     0.04%
  45   21   2.992022e+02     0.04%
  46   65   2.841521e+02     0.04%
  47   78   2.795764e+02     0.04%
  48  124   2.790182e+02     0.04%
  49   89   2.750506e+02     0.04%
  50  113   2.743345e+02     0.04%
  51   72   2.720543e+02     0.04%
  52   31   2.576697e+02     0.03%
  53  106   2.448709e+02     0.03%
  54   28   2.006148e+02     0.03%
  55   50   1.887013e+02     0.02%
  56   16   1.871848e+02     0.02%
  57  241   1.817271e+02     0.02%
  58   64   1.804982e+02     0.02%
  59   88   1.763967e+02     0.02%
  60  192   1.756778e+02     0.02%
  61   22   1.732595e+02     0.02%
  62   35   1.672894e+02     0.02%
  63  121   1.670409e+02     0.02%
  64  105   1.534535e+02     0.02%
  65  249   1.516492e+02     0.02%
  66   59   1.495664e+02     0.02%
  67  141   1.477462e+02     0.02%
  68   81   1.356671e+02     0.02%
  69  151   1.321685e+02     0.02%
  70   40   1.240512e+02     0.02%
  71   56   1.232577e+02     0.02%
  72   68   1.186965e+02     0.02%
  73   87   1.162219e+02     0.02%
  74   63   1.149973e+02     0.02%
  75  130   1.137078e+02     0.01%
  76  177   1.073733e+02     0.01%
  77  202   1.061059e+02     0.01%
  78   60   1.055203e+02     0.01%
  79  204   1.046672e+02     0.01%
  80   77   1.028435e+02     0.01%
  81   92   1.027986e+02     0.01%
  82   44   1.003133e+02     0.01%
  83   46   9.635624e+01     0.01%
  84   55   9.425139e+01     0.01%
  85  201   9.281133e+01     0.01%
  86  187   9.028539e+01     0.01%
  87  250   8.998654e+01     0.01%
  88  117   7.998022e+01     0.01%
  89  125   7.895509e+01     0.01%
  90  127   7.777022e+01     0.01%
  91   51   7.625957e+01     0.01%
  92  215   7.538215e+01     0.01%
  93   38   7.487022e+01     0.01%
  94   79   7.375585e+01     0.01%
  95   53   7.286014e+01     0.01%
  96  224   6.958662e+01     0.01%
  97  159   6.944093e+01     0.01%
  98  103   6.919533e+01     0.01%
  99   99   6.901217e+01     0.01%
 100  167   6.761411e+01     0.01%
 101  148   6.723600e+01     0.01%
 102  252   6.573789e+01     0.01%
 103   76   6.569180e+01     0.01%
 104   61   6.511630e+01     0.01%
 105  102   6.200147e+01     0.01%
 106   58   5.968187e+01     0.01%
 107  111   5.812115e+01     0.01%
 108  191   5.710098e+01     0.01%
 109  132   5.665479e+01     0.01%
 110   39   5.462331e+01     0.01%
 111   85   5.277856e+01     0.01%
 112   94   5.248337e+01     0.01%
 113   32   5.055957e+01     0.01%
 114  123   4.889379e+01     0.01%
 115  195   4.792113e+01     0.01%
 116  126   4.697782e+01     0.01%
 117  156   4.690634e+01     0.01%
 118  158   4.624681e+01     0.01%
 119  182   4.613840e+01     0.01%
 120  240   4.481668e+01     0.01%
 121  109   4.405917e+01     0.01%
 122  150   4.333112e+01     0.01%
 123   90   4.032037e+01     0.01%
 124  222   3.929841e+01     0.01%
 125  223   3.875069e+01     0.01%
 126  108   3.859441e+01     0.01%
 127  142   3.854721e+01     0.01%
 128  133   3.808274e+01     0.00%
 129   62   3.778643e+01     0.00%
 130   80   3.746514e+01     0.00%
 131  188   3.673490e+01     0.00%
 132   86   3.633845e+01     0.00%
 133  198   3.508817e+01     0.00%
 134  257   3.470980e+01     0.00%
 135  247   3.465757e+01     0.00%
 136  139   3.425596e+01     0.00%
 137  120   3.421588e+01     0.00%
 138   70   3.362611e+01     0.00%
 139  170   3.343598e+01     0.00%
 140  136   3.321676e+01     0.00%
 141  190   3.320002e+01     0.00%
 142  208   3.307388e+01     0.00%
 143  122   3.304041e+01     0.00%
 144   57   3.300015e+01     0.00%
 145  134   3.271504e+01     0.00%
 146  239   3.267497e+01     0.00%
 147   69   3.254779e+01     0.00%
 148  143   3.208300e+01     0.00%
 149  251   3.203090e+01     0.00%
 150  183   3.190498e+01     0.00%
 151   84   3.111584e+01     0.00%
 152  237   3.047090e+01     0.00%
 153  110   3.019940e+01     0.00%
 154  214   2.961968e+01     0.00%
 155   91   2.943549e+01     0.00%
 156  112   2.900806e+01     0.00%
 157  153   2.868758e+01     0.00%
 158  221   2.745937e+01     0.00%
 159  115   2.736987e+01     0.00%
 160  101   2.718996e+01     0.00%
 161  184   2.699194e+01     0.00%
 162  234   2.616239e+01     0.00%
 163  246   2.602206e+01     0.00%
 164  216   2.568848e+01     0.00%
 165  160   2.524048e+01     0.00%
 166  168   2.440257e+01     0.00%
 167  179   2.435400e+01     0.00%
 168  161   2.435359e+01     0.00%
 169   52   2.403097e+01     0.00%
 170  172   2.336088e+01     0.00%
 171  181   2.296166e+01     0.00%
 172  146   2.201614e+01     0.00%
 173   49   2.178419e+01     0.00%
 174  116   2.166966e+01     0.00%
 175  157   2.135576e+01     0.00%
 176  254   2.108817e+01     0.00%
 177  119   2.100016e+01     0.00%
 178  145   2.072814e+01     0.00%
 179  114   2.048464e+01     0.00%
 180  135   2.031251e+01     0.00%
 181  248   1.970844e+01     0.00%
 182   75   1.840988e+01     0.00%
 183  196   1.832717e+01     0.00%
 184   93   1.773781e+01     0.00%
 185  230   1.746974e+01     0.00%
 186  225   1.740774e+01     0.00%
 187   97   1.687690e+01     0.00%
 188  118   1.613638e+01     0.00%
 189  131   1.607529e+01     0.00%
 190  100   1.602640e+01     0.00%
 191  107   1.528161e+01     0.00%
 192  166   1.527472e+01     0.00%
 193  169   1.503305e+01     0.00%
 194  229   1.465863e+01     0.00%
 195  232   1.464503e+01     0.00%
 196  178   1.353107e+01     0.00%
 197  147   1.317627e+01     0.00%
 198  152   1.304588e+01     0.00%
 199   96   1.302017e+01     0.00%
 200  104   1.264562e+01     0.00%
 201  176   1.238724e+01     0.00%
 202  175   1.182797e+01     0.00%
 203  212   1.180368e+01     0.00%
 204   98   1.169719e+01     0.00%
 205  205   1.153826e+01     0.00%
 206  233   1.144178e+01     0.00%
 207  185   1.129979e+01     0.00%
 208  209   1.126039e+01     0.00%
 209  154   1.109087e+01     0.00%
 210  140   1.099447e+01     0.00%
 211   74   1.057495e+01     0.00%
 212  165   1.055737e+01     0.00%
 213  129   1.036591e+01     0.00%
 214  164   1.023688e+01     0.00%
 215   73   1.016431e+01     0.00%
 216  180   9.918281e+00     0.00%
 217  174   9.721752e+00     0.00%
 218  203   8.564032e+00     0.00%
 219  213   8.382724e+00     0.00%
 220   95   8.272994e+00     0.00%
 221  244   8.268056e+00     0.00%
 222  128   8.253431e+00     0.00%
 223  227   8.165149e+00     0.00%
 224   66   7.886312e+00     0.00%
 225  207   7.644625e+00     0.00%
 226  162   7.623218e+00     0.00%
 227  200   7.168778e+00     0.00%
 228  171   7.131850e+00     0.00%
 229  245   7.096155e+00     0.00%
 230  137   6.879347e+00     0.00%
 231  231   6.725207e+00     0.00%
 232  144   6.352681e+00     0.00%
 233  220   6.052339e+00     0.00%
 234  235   5.692171e+00     0.00%
 235  243   5.407350e+00     0.00%
 236  236   5.375634e+00     0.00%
 237  217   5.261640e+00     0.00%
 238  219   5.220971e+00     0.00%
 239  193   4.876761e+00     0.00%
 240  256   4.826359e+00     0.00%
 241  228   4.641394e+00     0.00%
 242  218   4.599149e+00     0.00%
 243  206   4.591443e+00     0.00%
 244  258   4.537739e+00     0.00%
 245  211   4.517524e+00     0.00%
 246  226   4.425961e+00     0.00%
 247  194   4.292850e+00     0.00%
 248  186   4.084251e+00     0.00%
 249  197   4.032732e+00     0.00%
 250  242   3.862039e+00     0.00%
 251  199   3.858329e+00     0.00%
 252  189   3.742803e+00     0.00%
 253  163   3.659749e+00     0.00%
 254  173   3.624043e+00     0.00%
 255  238   3.618831e+00     0.00%
 256  253   3.537722e+00     0.00%
 257  255   3.494514e+00     0.00%
 258  210   3.472076e+00     0.00%
 259  155   3.176651e+00     0.00%
