Cluster power ranking (clustered only)

name = base
MIN_AMP = 0.2
THR = 0.1
WHITE_NOISE_THRESHOLD = 0.02
WPS_NOISE_THRESHOLD = 8.0

rank  kcl      P_abs           P_pct
   1    0   1.008015e+04    30.22%
   2    7   2.231930e+03     6.69%
   3    1   1.874431e+03     5.62%
   4   15   1.130542e+03     3.39%
   5    3   1.110822e+03     3.33%
   6    4   1.026616e+03     3.08%
   7    2   8.104959e+02     2.43%
   8    9   7.882740e+02     2.36%
   9   18   6.985122e+02     2.09%
  10   10   6.278689e+02     1.88%
  11    8   5.371986e+02     1.61%
  12   28   4.751470e+02     1.42%
  13   26   4.501289e+02     1.35%
  14   13   4.302916e+02     1.29%
  15   22   3.784274e+02     1.13%
  16   33   3.736370e+02     1.12%
  17   19   3.603518e+02     1.08%
  18    6   3.363372e+02     1.01%
  19   53   3.198518e+02     0.96%
  20   20   2.914223e+02     0.87%
  21   23   2.770883e+02     0.83%
  22   35   2.677860e+02     0.80%
  23   30   2.371509e+02     0.71%
  24   17   2.276602e+02     0.68%
  25   29   2.175771e+02     0.65%
  26   36   2.139533e+02     0.64%
  27   37   2.129231e+02     0.64%
  28   51   2.030205e+02     0.61%
  29   39   1.973048e+02     0.59%
  30   32   1.911814e+02     0.57%
  31   16   1.697832e+02     0.51%
  32   31   1.693916e+02     0.51%
  33   46   1.597675e+02     0.48%
  34   44   1.592860e+02     0.48%
  35   14   1.533545e+02     0.46%
  36   40   1.530683e+02     0.46%
  37   38   1.490518e+02     0.45%
  38   25   1.483157e+02     0.44%
  39   54   1.474500e+02     0.44%
  40    5   1.469574e+02     0.44%
  41   41   1.460328e+02     0.44%
  42   27   1.452546e+02     0.44%
  43   12   1.450053e+02     0.43%
  44   45   1.406487e+02     0.42%
  45   24   1.331099e+02     0.40%
  46   58   1.311115e+02     0.39%
  47   61   1.252060e+02     0.38%
  48   63   1.250134e+02     0.37%
  49   71   1.194494e+02     0.36%
  50   47   1.176491e+02     0.35%
  51   65   1.154852e+02     0.35%
  52   70   1.144584e+02     0.34%
  53   11   1.102287e+02     0.33%
  54   84   1.032876e+02     0.31%
  55   49   1.024296e+02     0.31%
  56   93   1.005675e+02     0.30%
  57   52   9.955909e+01     0.30%
  58   21   9.750710e+01     0.29%
  59   73   9.163591e+01     0.27%
  60   34   9.001185e+01     0.27%
  61   42   8.910483e+01     0.27%
  62   50   8.897486e+01     0.27%
  63   55   8.149524e+01     0.24%
  64  126   7.072371e+01     0.21%
  65   99   6.896925e+01     0.21%
  66   96   6.876890e+01     0.21%
  67   90   6.682909e+01     0.20%
  68  117   6.655772e+01     0.20%
  69   56   6.166080e+01     0.18%
  70   48   6.068659e+01     0.18%
  71  151   5.558195e+01     0.17%
  72  106   5.251197e+01     0.16%
  73  166   5.242175e+01     0.16%
  74   77   4.905128e+01     0.15%
  75   68   4.633199e+01     0.14%
  76   75   4.603251e+01     0.14%
  77   86   4.443045e+01     0.13%
  78  103   4.343074e+01     0.13%
  79   62   4.318480e+01     0.13%
  80   91   4.239410e+01     0.13%
  81   43   3.809418e+01     0.11%
  82   57   3.741967e+01     0.11%
  83   60   3.723446e+01     0.11%
  84   72   3.674208e+01     0.11%
  85   76   3.667950e+01     0.11%
  86   80   3.592753e+01     0.11%
  87   89   3.508818e+01     0.11%
  88   83   3.354108e+01     0.10%
  89   81   3.030476e+01     0.09%
  90  114   3.017912e+01     0.09%
  91  177   2.937435e+01     0.09%
  92   94   2.934345e+01     0.09%
  93  104   2.922135e+01     0.09%
  94  123   2.899242e+01     0.09%
  95  127   2.864684e+01     0.09%
  96  135   2.811484e+01     0.08%
  97  182   2.760142e+01     0.08%
  98  175   2.729871e+01     0.08%
  99  107   2.711498e+01     0.08%
 100   67   2.461900e+01     0.07%
 101   78   2.421592e+01     0.07%
 102  147   2.398632e+01     0.07%
 103   64   2.356259e+01     0.07%
 104  168   2.290227e+01     0.07%
 105   97   2.253281e+01     0.07%
 106   95   2.220453e+01     0.07%
 107  115   2.094375e+01     0.06%
 108  112   2.085807e+01     0.06%
 109  116   2.082129e+01     0.06%
 110   59   2.037451e+01     0.06%
 111  137   2.019091e+01     0.06%
 112   69   1.983716e+01     0.06%
 113   92   1.916831e+01     0.06%
 114   74   1.898101e+01     0.06%
 115  140   1.889574e+01     0.06%
 116   85   1.774578e+01     0.05%
 117   87   1.763104e+01     0.05%
 118  138   1.740082e+01     0.05%
 119  108   1.734605e+01     0.05%
 120   66   1.725875e+01     0.05%
 121  188   1.713329e+01     0.05%
 122  192   1.712064e+01     0.05%
 123  142   1.697244e+01     0.05%
 124   88   1.694163e+01     0.05%
 125  113   1.615613e+01     0.05%
 126  171   1.573430e+01     0.05%
 127  146   1.568363e+01     0.05%
 128   98   1.535469e+01     0.05%
 129   79   1.519338e+01     0.05%
 130  167   1.518169e+01     0.05%
 131  132   1.423160e+01     0.04%
 132  141   1.412569e+01     0.04%
 133  110   1.355995e+01     0.04%
 134  120   1.316109e+01     0.04%
 135  119   1.249533e+01     0.04%
 136  161   1.245811e+01     0.04%
 137  121   1.230739e+01     0.04%
 138  130   1.225713e+01     0.04%
 139  101   1.224148e+01     0.04%
 140  155   1.213383e+01     0.04%
 141  143   1.210781e+01     0.04%
 142  150   1.178653e+01     0.04%
 143  157   1.102812e+01     0.03%
 144  109   1.101749e+01     0.03%
 145  153   1.066222e+01     0.03%
 146  148   1.062500e+01     0.03%
 147  111   1.033192e+01     0.03%
 148   82   1.021407e+01     0.03%
 149  100   9.865924e+00     0.03%
 150  133   9.666745e+00     0.03%
 151  181   9.524894e+00     0.03%
 152  102   9.384328e+00     0.03%
 153  118   8.564240e+00     0.03%
 154  159   8.477065e+00     0.03%
 155  152   8.423892e+00     0.03%
 156  129   8.379460e+00     0.03%
 157  186   8.326843e+00     0.02%
 158  180   7.711594e+00     0.02%
 159  105   7.682772e+00     0.02%
 160  174   7.574342e+00     0.02%
 161  170   7.133683e+00     0.02%
 162  176   7.028585e+00     0.02%
 163  191   6.732218e+00     0.02%
 164  124   6.576958e+00     0.02%
 165  163   6.196337e+00     0.02%
 166  173   6.191262e+00     0.02%
 167  156   5.543703e+00     0.02%
 168  125   5.534228e+00     0.02%
 169  189   5.369184e+00     0.02%
 170  165   5.250399e+00     0.02%
 171  196   5.224409e+00     0.02%
 172  122   5.204963e+00     0.02%
 173  131   5.066933e+00     0.02%
 174  136   5.004280e+00     0.02%
 175  184   4.989034e+00     0.01%
 176  145   4.894932e+00     0.01%
 177  134   4.646882e+00     0.01%
 178  178   4.641270e+00     0.01%
 179  144   4.603246e+00     0.01%
 180  185   4.588040e+00     0.01%
 181  139   4.228882e+00     0.01%
 182  190   4.207066e+00     0.01%
 183  154   3.728547e+00     0.01%
 184  169   3.267737e+00     0.01%
 185  149   2.936936e+00     0.01%
 186  183   2.892830e+00     0.01%
 187  179   2.283716e+00     0.01%
 188  164   1.711317e+00     0.01%
 189  158   1.579921e+00     0.00%
 190  187   1.213168e+00     0.00%
 191  128   1.148547e+00     0.00%
 192  194   1.042785e+00     0.00%
 193  193   9.635296e-01     0.00%
 194  160   7.956451e-01     0.00%
 195  195   6.372311e-01     0.00%
 196  162   5.278480e-01     0.00%
 197  172   3.459884e-01     0.00%
