Cluster power ranking (clustered only)

name = base
MIN_AMP = 0.2
THR = 0.1
WHITE_NOISE_THRESHOLD = 0.02
WPS_NOISE_THRESHOLD = 8.0

rank  kcl      P_abs           P_pct
   1    0   1.714087e+04    13.25%
   2    1   1.507891e+04    11.66%
   3    4   1.375087e+04    10.63%
   4    6   8.737235e+03     6.76%
   5    5   8.531366e+03     6.60%
   6    9   7.340653e+03     5.68%
   7    7   5.771968e+03     4.46%
   8   29   2.691344e+03     2.08%
   9   15   2.504492e+03     1.94%
  10   31   2.018331e+03     1.56%
  11    2   1.809468e+03     1.40%
  12   12   1.763474e+03     1.36%
  13   10   1.719189e+03     1.33%
  14   37   1.681224e+03     1.30%
  15   21   1.664047e+03     1.29%
  16   40   1.631484e+03     1.26%
  17   30   1.265172e+03     0.98%
  18   23   1.247062e+03     0.96%
  19   22   1.244375e+03     0.96%
  20   24   1.172715e+03     0.91%
  21   50   1.139818e+03     0.88%
  22   17   9.824320e+02     0.76%
  23   58   9.806416e+02     0.76%
  24   52   9.471373e+02     0.73%
  25    8   8.068184e+02     0.62%
  26   26   7.343699e+02     0.57%
  27   19   7.128491e+02     0.55%
  28   28   7.098330e+02     0.55%
  29   53   6.985830e+02     0.54%
  30   41   6.766289e+02     0.52%
  31   36   6.366170e+02     0.49%
  32   27   6.005360e+02     0.46%
  33   64   5.724363e+02     0.44%
  34   14   5.703557e+02     0.44%
  35   16   5.254715e+02     0.41%
  36  103   5.013743e+02     0.39%
  37    3   4.715883e+02     0.36%
  38   38   4.539606e+02     0.35%
  39   18   4.357885e+02     0.34%
  40   78   4.249340e+02     0.33%
  41   11   4.062404e+02     0.31%
  42   25   3.988038e+02     0.31%
  43   63   3.948987e+02     0.31%
  44   34   3.808816e+02     0.29%
  45   57   3.569835e+02     0.28%
  46   49   3.332638e+02     0.26%
  47   39   3.091122e+02     0.24%
  48   86   3.075098e+02     0.24%
  49   93   3.031709e+02     0.23%
  50   35   2.892017e+02     0.22%
  51  152   2.831354e+02     0.22%
  52   81   2.808405e+02     0.22%
  53   44   2.799631e+02     0.22%
  54   60   2.784202e+02     0.22%
  55   13   2.607721e+02     0.20%
  56   48   2.398660e+02     0.19%
  57   66   2.128958e+02     0.16%
  58   46   2.070010e+02     0.16%
  59   77   2.067471e+02     0.16%
  60   85   2.048549e+02     0.16%
  61   20   1.910652e+02     0.15%
  62  164   1.906192e+02     0.15%
  63   75   1.902929e+02     0.15%
  64   43   1.826720e+02     0.14%
  65  113   1.732034e+02     0.13%
  66   42   1.704545e+02     0.13%
  67   55   1.701253e+02     0.13%
  68   47   1.684550e+02     0.13%
  69  123   1.631341e+02     0.13%
  70  157   1.608863e+02     0.12%
  71   72   1.482063e+02     0.11%
  72   88   1.408875e+02     0.11%
  73   87   1.330770e+02     0.10%
  74  172   1.303135e+02     0.10%
  75  183   1.298749e+02     0.10%
  76   32   1.287326e+02     0.10%
  77   61   1.226496e+02     0.09%
  78  105   1.225521e+02     0.09%
  79  151   1.207173e+02     0.09%
  80  122   1.178160e+02     0.09%
  81   62   1.114872e+02     0.09%
  82   71   1.112019e+02     0.09%
  83   76   1.110895e+02     0.09%
  84   69   1.110152e+02     0.09%
  85  168   1.072543e+02     0.08%
  86   65   1.067988e+02     0.08%
  87  245   1.060668e+02     0.08%
  88  206   1.026909e+02     0.08%
  89   98   1.013480e+02     0.08%
  90   68   1.002926e+02     0.08%
  91   96   9.995745e+01     0.08%
  92  101   9.640381e+01     0.07%
  93  200   9.566490e+01     0.07%
  94  135   9.545496e+01     0.07%
  95  262   9.081348e+01     0.07%
  96  187   8.778528e+01     0.07%
  97  215   8.744585e+01     0.07%
  98   82   8.739491e+01     0.07%
  99   79   8.571698e+01     0.07%
 100  180   8.259715e+01     0.06%
 101  192   8.188361e+01     0.06%
 102  331   8.089348e+01     0.06%
 103   51   7.968799e+01     0.06%
 104  115   7.929299e+01     0.06%
 105   56   7.802659e+01     0.06%
 106  107   7.733124e+01     0.06%
 107  198   7.645362e+01     0.06%
 108  318   7.575137e+01     0.06%
 109  252   7.396656e+01     0.06%
 110  302   7.322866e+01     0.06%
 111   94   7.100791e+01     0.05%
 112  261   6.981429e+01     0.05%
 113  171   6.512577e+01     0.05%
 114  176   6.405630e+01     0.05%
 115   33   6.400836e+01     0.05%
 116  267   6.228609e+01     0.05%
 117  216   6.143289e+01     0.05%
 118   89   6.135170e+01     0.05%
 119   54   6.088057e+01     0.05%
 120  204   6.032076e+01     0.05%
 121  106   5.972232e+01     0.05%
 122  257   5.954485e+01     0.05%
 123  132   5.795203e+01     0.04%
 124   73   5.754628e+01     0.04%
 125  263   5.483965e+01     0.04%
 126  287   5.424402e+01     0.04%
 127  138   5.330836e+01     0.04%
 128  303   5.140904e+01     0.04%
 129   99   5.008178e+01     0.04%
 130  136   4.984467e+01     0.04%
 131  144   4.873443e+01     0.04%
 132  282   4.862334e+01     0.04%
 133  353   4.860870e+01     0.04%
 134  126   4.827472e+01     0.04%
 135   84   4.760844e+01     0.04%
 136  165   4.728680e+01     0.04%
 137  305   4.628272e+01     0.04%
 138  131   4.626886e+01     0.04%
 139  111   4.603706e+01     0.04%
 140  112   4.542688e+01     0.04%
 141  191   4.537338e+01     0.04%
 142  348   4.517742e+01     0.03%
 143  231   4.467311e+01     0.03%
 144   74   4.421236e+01     0.03%
 145  169   4.394455e+01     0.03%
 146  268   4.319146e+01     0.03%
 147   70   4.292672e+01     0.03%
 148  280   4.126663e+01     0.03%
 149  197   4.102007e+01     0.03%
 150   59   4.028682e+01     0.03%
 151  100   3.991606e+01     0.03%
 152  128   3.938094e+01     0.03%
 153  127   3.803304e+01     0.03%
 154   95   3.802401e+01     0.03%
 155   92   3.719477e+01     0.03%
 156  333   3.718036e+01     0.03%
 157  177   3.688689e+01     0.03%
 158  248   3.685584e+01     0.03%
 159  223   3.671673e+01     0.03%
 160  195   3.661553e+01     0.03%
 161  297   3.628757e+01     0.03%
 162  307   3.599877e+01     0.03%
 163  129   3.570317e+01     0.03%
 164  153   3.568135e+01     0.03%
 165   67   3.566469e+01     0.03%
 166  120   3.534798e+01     0.03%
 167  202   3.381959e+01     0.03%
 168  290   3.370106e+01     0.03%
 169  109   3.363854e+01     0.03%
 170  250   3.363701e+01     0.03%
 171  143   3.278322e+01     0.03%
 172  236   3.245791e+01     0.03%
 173  295   3.214428e+01     0.02%
 174  196   3.141609e+01     0.02%
 175  346   3.124153e+01     0.02%
 176  227   3.062058e+01     0.02%
 177  117   3.044967e+01     0.02%
 178  166   3.040199e+01     0.02%
 179  110   3.031359e+01     0.02%
 180  241   2.996104e+01     0.02%
 181  205   2.990545e+01     0.02%
 182  114   2.910897e+01     0.02%
 183  121   2.853697e+01     0.02%
 184  104   2.811631e+01     0.02%
 185  124   2.717181e+01     0.02%
 186  147   2.654861e+01     0.02%
 187  212   2.639216e+01     0.02%
 188  258   2.602100e+01     0.02%
 189   90   2.594022e+01     0.02%
 190  207   2.578136e+01     0.02%
 191  125   2.548098e+01     0.02%
 192  146   2.453743e+01     0.02%
 193  150   2.447400e+01     0.02%
 194  116   2.445561e+01     0.02%
 195   45   2.420948e+01     0.02%
 196   83   2.416175e+01     0.02%
 197  188   2.397039e+01     0.02%
 198  119   2.386764e+01     0.02%
 199  347   2.376604e+01     0.02%
 200  133   2.339463e+01     0.02%
 201  255   2.325113e+01     0.02%
 202  368   2.274525e+01     0.02%
 203  357   2.270737e+01     0.02%
 204  139   2.223561e+01     0.02%
 205  142   2.216446e+01     0.02%
 206  330   2.164784e+01     0.02%
 207  300   2.126330e+01     0.02%
 208  298   2.117076e+01     0.02%
 209  291   2.112788e+01     0.02%
 210  316   2.109822e+01     0.02%
 211  278   2.108972e+01     0.02%
 212  254   2.087533e+01     0.02%
 213  320   2.077142e+01     0.02%
 214  221   2.058690e+01     0.02%
 215  345   2.042948e+01     0.02%
 216  340   1.977233e+01     0.02%
 217  273   1.952271e+01     0.02%
 218  243   1.950008e+01     0.02%
 219  306   1.939556e+01     0.01%
 220  149   1.933036e+01     0.01%
 221  240   1.915922e+01     0.01%
 222  158   1.858445e+01     0.01%
 223  266   1.856167e+01     0.01%
 224  160   1.854960e+01     0.01%
 225  184   1.852721e+01     0.01%
 226  350   1.830490e+01     0.01%
 227  173   1.817761e+01     0.01%
 228   91   1.813000e+01     0.01%
 229  332   1.783026e+01     0.01%
 230  294   1.758903e+01     0.01%
 231  283   1.758810e+01     0.01%
 232  344   1.753798e+01     0.01%
 233  271   1.749946e+01     0.01%
 234  314   1.745553e+01     0.01%
 235   80   1.742323e+01     0.01%
 236  244   1.724525e+01     0.01%
 237  220   1.718195e+01     0.01%
 238  194   1.690075e+01     0.01%
 239  242   1.657617e+01     0.01%
 240  349   1.608773e+01     0.01%
 241  274   1.594241e+01     0.01%
 242  181   1.585137e+01     0.01%
 243  313   1.570323e+01     0.01%
 244  364   1.547726e+01     0.01%
 245  246   1.514698e+01     0.01%
 246  179   1.501836e+01     0.01%
 247  238   1.464270e+01     0.01%
 248  185   1.459373e+01     0.01%
 249  190   1.442456e+01     0.01%
 250  363   1.419178e+01     0.01%
 251  174   1.387594e+01     0.01%
 252  289   1.370346e+01     0.01%
 253  145   1.358992e+01     0.01%
 254  155   1.334949e+01     0.01%
 255  259   1.309026e+01     0.01%
 256  247   1.269438e+01     0.01%
 257  130   1.267938e+01     0.01%
 258  182   1.267847e+01     0.01%
 259  367   1.249512e+01     0.01%
 260  264   1.247885e+01     0.01%
 261  239   1.243020e+01     0.01%
 262  140   1.240130e+01     0.01%
 263  118   1.203346e+01     0.01%
 264  228   1.190418e+01     0.01%
 265  137   1.187843e+01     0.01%
 266  148   1.178567e+01     0.01%
 267  296   1.166143e+01     0.01%
 268  304   1.141307e+01     0.01%
 269  352   1.126429e+01     0.01%
 270  210   1.115840e+01     0.01%
 271  308   1.084899e+01     0.01%
 272  256   1.041785e+01     0.01%
 273  337   1.034682e+01     0.01%
 274  201   1.030499e+01     0.01%
 275  234   1.026059e+01     0.01%
 276  219   1.001275e+01     0.01%
 277  293   9.817297e+00     0.01%
 278  260   9.040869e+00     0.01%
 279  251   8.236937e+00     0.01%
 280  226   8.150429e+00     0.01%
 281  327   8.127913e+00     0.01%
 282  356   8.079054e+00     0.01%
 283  253   8.066460e+00     0.01%
 284  102   7.787978e+00     0.01%
 285  285   7.746618e+00     0.01%
 286  284   7.708288e+00     0.01%
 287  154   7.703873e+00     0.01%
 288  186   7.700080e+00     0.01%
 289  199   7.527765e+00     0.01%
 290  299   7.276234e+00     0.01%
 291  272   7.024805e+00     0.01%
 292  339   7.017194e+00     0.01%
 293  351   6.837836e+00     0.01%
 294  232   6.524149e+00     0.01%
 295  338   6.451309e+00     0.00%
 296  275   6.089015e+00     0.00%
 297  189   5.938179e+00     0.00%
 298  355   5.902635e+00     0.00%
 299  134   5.844214e+00     0.00%
 300  156   5.772154e+00     0.00%
 301  370   5.630941e+00     0.00%
 302  310   5.517172e+00     0.00%
 303  341   5.471014e+00     0.00%
 304  325   5.467511e+00     0.00%
 305  315   5.462822e+00     0.00%
 306  366   5.386066e+00     0.00%
 307  369   5.368826e+00     0.00%
 308  249   5.241516e+00     0.00%
 309  292   5.110004e+00     0.00%
 310  319   5.105588e+00     0.00%
 311  163   5.008213e+00     0.00%
 312   97   4.867670e+00     0.00%
 313  162   4.861700e+00     0.00%
 314  265   4.776678e+00     0.00%
 315  178   4.640673e+00     0.00%
 316  288   4.550499e+00     0.00%
 317  218   4.468794e+00     0.00%
 318  361   4.431551e+00     0.00%
 319  336   4.227448e+00     0.00%
 320  222   3.705770e+00     0.00%
 321  309   3.466109e+00     0.00%
 322  193   3.425501e+00     0.00%
 323  362   3.154156e+00     0.00%
 324  301   3.116442e+00     0.00%
 325  323   3.109823e+00     0.00%
 326  342   2.882338e+00     0.00%
 327  161   2.787792e+00     0.00%
 328  230   2.637668e+00     0.00%
 329  229   2.579251e+00     0.00%
 330  365   2.493055e+00     0.00%
 331  359   2.177842e+00     0.00%
 332  213   2.105122e+00     0.00%
 333  269   2.032558e+00     0.00%
 334  334   2.022998e+00     0.00%
 335  203   1.964662e+00     0.00%
 336  214   1.775686e+00     0.00%
 337  270   1.661324e+00     0.00%
 338  277   1.587916e+00     0.00%
 339  209   1.544635e+00     0.00%
 340  328   1.535897e+00     0.00%
 341  281   1.523890e+00     0.00%
 342  321   1.496699e+00     0.00%
 343  276   1.484132e+00     0.00%
 344  311   1.422056e+00     0.00%
 345  326   1.416598e+00     0.00%
 346  208   1.347484e+00     0.00%
 347  217   1.312389e+00     0.00%
 348  335   1.216671e+00     0.00%
 349  279   1.212735e+00     0.00%
 350  233   1.159633e+00     0.00%
 351  211   1.072960e+00     0.00%
 352  167   1.029235e+00     0.00%
 353  312   1.005819e+00     0.00%
 354  159   9.650709e-01     0.00%
 355  317   9.544242e-01     0.00%
 356  322   8.603968e-01     0.00%
 357  235   8.495496e-01     0.00%
 358  343   7.915046e-01     0.00%
 359  108   7.037055e-01     0.00%
 360  354   6.982884e-01     0.00%
 361  237   6.066669e-01     0.00%
 362  175   4.603622e-01     0.00%
 363  286   3.650878e-01     0.00%
 364  324   2.707525e-01     0.00%
 365  358   2.448986e-01     0.00%
 366  141   1.756807e-01     0.00%
 367  360   1.629715e-01     0.00%
 368  170   1.581220e-01     0.00%
 369  224   1.297919e-01     0.00%
 370  225   6.487984e-02     0.00%
 371  329   4.470897e-02     0.00%
