cluster_a  cluster_c  passes  score    iou    inter  lam_ratio  ang_diff_deg  thetaA_deg  thetaC_deg  lamA_med  lamC_med
        0         11       0   0.110  0.290   8928     2.181           0.2        67.0        67.2      32.0      69.8
        0        155       0   0.072  0.101   1524     1.297           0.1        69.9        70.0      32.0      24.7
        0         76       0   0.067  0.306   4424     1.297           2.5        67.5        70.0      32.0      41.5
        0          9       0   0.067  0.351   9848     1.414           2.7        65.8        68.5      32.0      22.6
        0        109       1   0.062  0.103   1696     1.091           0.5        60.0        59.5      32.0      29.3
        0          8       1   0.058  0.327  10848     1.091           4.1        66.9        71.0      32.0      34.9
        0         49       0   0.050  0.081   1380     1.414           0.1        60.1        60.0      32.0      22.6
        0         38       0   0.041  0.262   4276     1.297           3.9        66.1        70.0      32.0      24.7
        0        147       0   0.036  0.043    592     1.189           0.0        70.0        70.0      32.0      26.9
        0          3       1   0.035  0.250  12148     1.000           6.1        66.7        60.6      32.0      32.0
        0         59       1   0.026  0.182   2644     1.091           5.3        65.3        60.0      29.3      32.0
        0         70       0   0.026  0.039    568     1.542           0.0        60.0        60.0      32.0      49.4
        0        128       0   0.024  0.053    756     1.542           0.4        60.4        60.0      32.0      20.7
        0          4       1   0.019  0.290  11300     1.091          13.1        66.6        53.5      32.0      29.3
        0         88       1   0.017  0.210   3068     1.091          10.0        70.0        80.0      32.0      34.9
        0        195       0   0.016  0.049    644     1.297           1.3        68.7        70.0      32.0      41.5
        0         56       0   0.015  0.110   1808     2.594           1.8        68.2        70.0      32.0      83.0
        0        187       0   0.014  0.077   1028     1.542           2.5        62.5        60.0      22.6      34.9
        0         27       1   0.013  0.121   2156     1.091           7.6        62.9        70.5      32.0      29.3
        0        189       0   0.012  0.062    816     1.542           2.4        67.4        65.0      24.7      16.0
        0         34       0   0.011  0.090   1388     1.682           4.0        66.0        70.0      32.0      53.8
        0          1       0   0.009  0.190  13000     1.091          17.7        66.5        48.8      32.0      34.9
        0         30       0   0.009  0.231   4144     1.189          20.3        67.2        46.8      32.0      38.1
        0        174       0   0.008  0.256   3668     1.091          27.9        67.1        95.0      32.0      29.3
        0        183       1   0.007  0.089   1192     1.189          10.0        70.0        80.0      32.0      38.1
        0        178       0   0.007  0.052    688     2.000           3.0        67.0        70.0      24.7      49.4
        0         84       1   0.006  0.079   1040     1.189           9.7        69.7        60.0      32.0      38.1
        0        291       0   0.006  0.011    152     1.297           0.5        60.0        59.5      32.0      24.7
        0         39       0   0.006  0.204   3828     1.414          24.5        65.5        90.0      32.0      22.6
        0          2       0   0.005  0.222  12160     2.000          19.3        66.6        47.3      32.0      64.0
        0         72       1   0.005  0.064    924     1.189           9.0        65.5        74.5      29.3      34.9
        0        200       1   0.005  0.064    848     1.091          10.0        70.0        80.0      32.0      34.9
        0        124       0   0.005  0.087   1188     1.542           9.6        70.0        60.4      32.0      20.7
        0         81       0   0.005  0.103   1608     1.682          11.2        60.1        71.3      32.0      19.0
        0        163       0   0.005  0.147   2124     1.189          24.4        66.6        91.0      32.0      26.9
        0        342       0   0.005  0.041    540     1.189           6.2        66.2        60.0      32.0      26.9
        0        130       0   0.005  0.215   3092     1.414          30.9        67.5        98.3      32.0      22.6
        0        239       0   0.004  0.103   1376     1.091          24.2        69.1        44.9      29.3      32.0
        0        263       0   0.004  0.041    540     1.297           7.7        64.4        72.1      24.7      19.0
        0         55       0   0.004  0.161   2396     2.594          16.7        66.7        50.0      29.3      76.1
        0         19       0   0.003  0.174   3488     2.000          24.6        64.6        40.0      32.0      64.0
        0        171       0   0.003  0.117   1872     1.091          33.8        66.2       100.0      26.9      24.7
        0          6       0   0.003  0.103   1952     1.542          22.2        60.0        37.8      32.0      49.4
        0         28       0   0.003  0.255   4192     2.000          45.5        65.5        20.0      32.0      64.0
        0          0       0   0.003  0.218  12892     2.000          39.0        66.6        27.6      32.0      64.0
        0        197       0   0.003  0.072    972     1.091          25.1        64.6        39.5      24.7      26.9
        0        165       0   0.003  0.082   1096     1.542          20.0        60.0        80.0      32.0      20.7
        0        277       0   0.003  0.028    368     1.000          10.0        70.0        80.0      32.0      32.0
        0          7       0   0.002  0.111   2124     1.297          33.5        60.2        26.7      32.0      41.5
        0        102       0   0.002  0.035    528     1.414          10.0        70.0        60.0      32.0      45.3
        0        270       0   0.002  0.050    656     1.414          14.8        65.2        80.0      29.3      20.7
        0         42       0   0.002  0.070   1120     1.189          25.5        64.5        90.0      32.0      26.9
        0        344       0   0.002  0.016    216     1.091           5.9        65.9        60.0      32.0      34.9
        0        331       0   0.002  0.025    332     1.414           7.6        67.6        60.0      32.0      22.6
        0        365       0   0.002  0.025    328     1.091          10.5        60.5        50.0      22.6      20.7
        0        107       0   0.002  0.146   2096     1.189          69.4        69.4         0.0      32.0      38.1
        0        308       0   0.002  0.090   1280     1.297          40.0        60.0       100.0      32.0      24.7
        0        207       0   0.002  0.041    540     1.414          16.5        63.5        80.0      32.0      45.3
        0        237       0   0.002  0.087   1144     1.297          39.3        64.9        25.6      24.7      32.0
        0         68       0   0.002  0.057    780     1.682          20.0        70.0        50.0      32.0      53.8
        0         25       0   0.002  0.014    460     1.189           6.7        63.7        70.4      32.0      38.1
        0        324       0   0.002  0.041    540     1.189          21.2        68.8        90.0      26.9      32.0
        0         10       0   0.002  0.197   4372     2.000          62.5        64.1         1.5      32.0      64.0
        0         67       0   0.001  0.027    392     1.297          12.9        67.1        80.0      32.0      24.7
        0        310       0   0.001  0.049    672     1.000          32.4        68.3       100.6      32.0      32.0
        0         29       0   0.001  0.183   3568     2.594          46.7        63.4       110.1      32.0      83.0
        0        282       0   0.001  0.018    240     1.189          10.0        70.0        60.0      32.0      38.1
        0         41       0   0.001  0.163   4432     1.414          82.1        67.8       165.7      32.0      45.3
        0        202       0   0.001  0.105   1388     1.414          55.9        68.6        12.7      32.0      22.6
        0         77       0   0.001  0.098   1476     1.189          64.1        61.4       125.5      32.0      38.1
        0         44       0   0.001  0.101   1500     1.834          44.7        64.7        20.0      32.0      58.7
        0        304       0   0.001  0.046    628     1.414          26.2        64.4        90.6      29.3      20.7
        0        293       0   0.001  0.050    720     1.834          22.6        61.4        84.0      32.0      17.4
        0        223       0   0.001  0.021    284     1.414          12.5        67.5        80.0      26.9      38.1
        0        182       0   0.001  0.107   1492     1.189          80.0        70.0       170.0      32.0      38.1
        0        337       0   0.001  0.034    448     1.000          30.0        70.0       100.0      32.0      32.0
        0        261       0   0.001  0.097   1436     1.091          84.7        60.0       155.3      32.0      29.3
        0         33       0   0.001  0.182   2656     2.181          80.0        70.0       170.0      32.0      69.8
        0         23       0   0.001  0.012    276     1.091          10.0        60.0        50.0      34.9      38.1
        0         26       0   0.001  0.167   2432     2.378          70.0        70.0         0.0      32.0      76.1
        0        320       0   0.001  0.016    216     1.542          10.2        68.4        58.1      32.0      20.7
        0         45       0   0.001  0.239   5296     3.668          68.3        68.3         0.0      32.0     117.4
        0        285       0   0.001  0.070   1016     1.297          57.9        60.8       118.8      32.0      24.7
        0        292       0   0.001  0.014    188     1.414          10.0        60.0        50.0      32.0      22.6
        0        159       0   0.001  0.001     20     1.682           0.0        70.0        70.0      32.0      53.8
        0          5       0   0.001  0.199   8232     3.668          61.9        67.6         5.6      32.0     117.4
        0        166       0   0.001  0.020    268     2.181          10.0        70.0        80.0      32.0      69.8
        0        312       0   0.001  0.025    332     1.542          18.5        68.5        50.0      22.6      34.9
        0        256       0   0.001  0.004     52     1.414           2.3        62.3        60.0      24.7      34.9
        0         12       0   0.001  0.106   2616     1.834          70.0        70.0         0.0      32.0      58.7
        0         15       0   0.001  0.184   3988     2.828          79.6        69.6       170.0      32.0      90.5
        0        149       0   0.001  0.052    684     2.000          32.8        67.2       100.0      32.0      64.0
        0         24       0   0.001  0.114   2392     2.181          71.1        61.1       170.0      32.0      69.8
        0         61       0   0.001  0.050    720     1.189          57.7        60.9         3.2      32.0      38.1
        0         99       0   0.001  0.035    660     1.542          30.6        63.7        33.1      32.0      20.7
        0        210       0   0.001  0.023    312     1.091          30.0        60.0        30.0      32.0      34.9
        0        110       0   0.001  0.098   1448     2.000          80.0        60.0       140.0      32.0      64.0
        0        235       0   0.001  0.048    648     1.091          73.2        63.2       170.0      32.0      34.9
        0         51       0   0.001  0.048    768     1.297          63.8        63.8         0.0      32.0      41.5
        0        240       0   0.001  0.046    628     1.000          80.0        70.0       170.0      32.0      32.0
        0        252       0   0.001  0.009    112     1.414          10.0        70.0        80.0      32.0      45.3
        0        361       0   0.001  0.049    644     1.091          81.8        70.0       168.2      26.9      24.7
        0        357       0   0.001  0.028    372     1.414          36.2        63.8       100.0      22.6      32.0
        0         53       0   0.001  0.053    792     1.297          75.9        62.4       166.5      32.0      41.5
        0        381       0   0.001  0.014    184     1.297          20.0        70.0        50.0      24.7      19.0
        0        287       0   0.001  0.007     96     1.297          10.0        70.0        80.0      32.0      41.5
        0         32       0   0.000  0.015    276     1.000          30.0        70.0        40.0      32.0      32.0
        0         16       0   0.000  0.017    372     1.091          31.9        60.7        28.8      34.9      38.1
        0        286       0   0.000  0.028    388     1.189          49.5        60.5       110.0      32.0      38.1
        0        106       0   0.000  0.026    388     1.834          29.3        65.5        36.1      32.0      17.4
        0        372       0   0.000  0.026    344     1.000          60.0        70.0        10.0      32.0      32.0
        0         64       0   0.000  0.073   1224     2.181          77.7        62.3       140.0      32.0      69.8
        0        370       0   0.000  0.024    320     1.297          42.6        62.1        19.5      24.7      19.0
        0         20       0   0.000  0.029    512     1.414          50.0        70.0        20.0      32.0      45.3
        0        275       0   0.000  0.001      8     1.414           0.0        70.0        70.0      29.3      20.7
        0        297       0   0.000  0.048    652     1.682          73.5        60.0       166.5      32.0      19.0
        0        184       0   0.000  0.020    264     1.834          27.7        62.3        90.0      32.0      58.7
        0        113       0   0.000  0.051    708     3.364          40.0        70.0       110.0      32.0     107.6
        0         96       0   0.000  0.027    380     2.000          40.0        60.0       100.0      32.0      64.0
        0        139       0   0.000  0.019    264     2.000          28.2        67.7        39.6      32.0      16.0
        0        296       0   0.000  0.005     60     1.297          10.0        70.0        80.0      32.0      41.5
        0        340       0   0.000  0.014    180     1.091          40.0        60.0        20.0      32.0      34.9
        0         14       0   0.000  0.017    448     1.091          51.6        61.6        10.0      34.9      38.1
        0        120       0   0.000  0.013    192     1.542          30.0        60.0        90.0      32.0      20.7
        0        298       0   0.000  0.020    272     1.091          70.0        70.0         0.0      32.0      29.3
        0        201       0   0.000  0.004     60     1.414          10.0        70.0        80.0      32.0      22.6
        0        173       0   0.000  0.034    460     1.682          80.4        60.0       140.4      32.0      53.8
        0        350       0   0.000  0.021    304     1.091          79.0        60.0       139.0      32.0      29.3
        0        217       0   0.000  0.004     56     1.542          10.0        60.0        50.0      34.9      22.6
        0        352       0   0.000  0.003     44     1.091          12.7        62.7        50.0      32.0      29.3
        0        234       0   0.000  0.009    128     1.091          40.0        70.0        30.0      32.0      34.9
        0         69       0   0.000  0.037    568     2.000          90.0        60.0       150.0      32.0      64.0
        0        295       0   0.000  0.029    400     1.834          80.0        60.0       160.0      32.0      17.4
        0        333       0   0.000  0.012    164     1.091          60.0        70.0        10.0      32.0      34.9
        0        156       0   0.000  0.025    332     1.682          80.0        70.0       170.0      32.0      53.8
        0        378       0   0.000  0.005     72     2.000          14.4        60.0        74.4      32.0      16.0
        0        154       0   0.000  0.005     60     2.378          10.0        70.0        80.0      32.0      76.1
        0        243       0   0.000  0.005     80     1.091          28.5        68.5        40.0      32.0      29.3
        0        229       0   0.000  0.012    160     1.189          60.2        70.0         9.8      32.0      38.1
        0        368       0   0.000  0.010    132     1.091          60.0        70.0       130.0      32.0      34.9
        0         63       0   0.000  0.004     64     1.414          20.0        60.0        40.0      34.9      24.7
        0        228       0   0.000  0.002     24     1.414          10.0        70.0        60.0      32.0      45.3
        0        260       0   0.000  0.009    124     1.414          60.0        60.0       120.0      32.0      45.3
        0        345       0   0.000  0.004     48     1.091          35.8        65.8        30.0      32.0      29.3
        0        311       0   0.000  0.008    108     1.189          80.0        70.0       170.0      32.0      38.1
        0        325       0   0.000  0.005     64     1.091          50.0        60.0        10.0      34.9      32.0
        0        323       0   0.000  0.005     60     1.297          47.4        67.4        20.0      29.3      38.1
        0        161       0   0.000  0.008    100     2.181          47.6        67.6        20.0      32.0      69.8
        0        227       0   0.000  0.004     64     1.682          40.0        70.0       110.0      32.0      19.0
        0        271       0   0.000  0.006     84     1.297          80.0        70.0       170.0      32.0      41.5
        0         18       0   0.000  0.006    136     2.000          88.0        70.0       162.0      32.0      64.0
        0        190       0   0.000  0.002     32     1.834          60.0        70.0        10.0      32.0      58.7
        0         48       0   0.000  0.004     68     2.378          80.0        60.0       160.0      32.0      76.1
        0         78       0   0.000  0.000      4     1.682          10.0        60.0        50.0      34.9      20.7
        0        157       0   0.000  0.001     16     2.000          70.0        60.0       130.0      32.0      64.0
        0         13       0   0.000  0.000      0       nan           nan         nan         nan       nan       nan
        0         17       0   0.000  0.000      0       nan           nan         nan         nan       nan       nan
        0         21       0   0.000  0.000      0       nan           nan         nan         nan       nan       nan
        0         22       0   0.000  0.000      0       nan           nan         nan         nan       nan       nan
        0         31       0   0.000  0.000      0       nan           nan         nan         nan       nan       nan
        0         35       0   0.000  0.000      0       nan           nan         nan         nan       nan       nan
        0         36       0   0.000  0.000      0       nan           nan         nan         nan       nan       nan
        0         37       0   0.000  0.000      0       nan           nan         nan         nan       nan       nan
        0         40       0   0.000  0.000      0       nan           nan         nan         nan       nan       nan
        0         43       0   0.000  0.000      0       nan           nan         nan         nan       nan       nan
        0         46       0   0.000  0.000      0       nan           nan         nan         nan       nan       nan
        0         47       0   0.000  0.000      0       nan           nan         nan         nan       nan       nan
        0         50       0   0.000  0.000      0       nan           nan         nan         nan       nan       nan
        0         52       0   0.000  0.000      0       nan           nan         nan         nan       nan       nan
        0         54       0   0.000  0.000      0       nan           nan         nan         nan       nan       nan
        0         57       0   0.000  0.000      0       nan           nan         nan         nan       nan       nan
        0         58       0   0.000  0.000      0       nan           nan         nan         nan       nan       nan
        0         60       0   0.000  0.000      0       nan           nan         nan         nan       nan       nan
        0         62       0   0.000  0.000      0       nan           nan         nan         nan       nan       nan
        0         65       0   0.000  0.000      0       nan           nan         nan         nan       nan       nan
        0         66       0   0.000  0.000      0       nan           nan         nan         nan       nan       nan
        0         71       0   0.000  0.000      0       nan           nan         nan         nan       nan       nan
        0         73       0   0.000  0.000      0       nan           nan         nan         nan       nan       nan
        0         74       0   0.000  0.000      0       nan           nan         nan         nan       nan       nan
        0         75       0   0.000  0.000      0       nan           nan         nan         nan       nan       nan
        0         79       0   0.000  0.000      0       nan           nan         nan         nan       nan       nan
        0         80       0   0.000  0.000      0       nan           nan         nan         nan       nan       nan
        0         82       0   0.000  0.000      0       nan           nan         nan         nan       nan       nan
        0         83       0   0.000  0.000      0       nan           nan         nan         nan       nan       nan
        0         85       0   0.000  0.000      0       nan           nan         nan         nan       nan       nan
        0         86       0   0.000  0.000      0       nan           nan         nan         nan       nan       nan
        0         87       0   0.000  0.000      0       nan           nan         nan         nan       nan       nan
        0         89       0   0.000  0.000      0       nan           nan         nan         nan       nan       nan
        0         90       0   0.000  0.000      0       nan           nan         nan         nan       nan       nan
        0         91       0   0.000  0.000      0       nan           nan         nan         nan       nan       nan
        0         92       0   0.000  0.000      0       nan           nan         nan         nan       nan       nan
        0         93       0   0.000  0.000      0       nan           nan         nan         nan       nan       nan
        0         94       0   0.000  0.000      0       nan           nan         nan         nan       nan       nan
        0         95       0   0.000  0.000      0       nan           nan         nan         nan       nan       nan
        0         97       0   0.000  0.000      0       nan           nan         nan         nan       nan       nan
        0         98       0   0.000  0.000      0       nan           nan         nan         nan       nan       nan
        0        100       0   0.000  0.000      0       nan           nan         nan         nan       nan       nan
        0        101       0   0.000  0.000      0       nan           nan         nan         nan       nan       nan
        0        103       0   0.000  0.000      0       nan           nan         nan         nan       nan       nan
        0        104       0   0.000  0.000      0       nan           nan         nan         nan       nan       nan
        0        105       0   0.000  0.000      0       nan           nan         nan         nan       nan       nan
        0        108       0   0.000  0.000      0       nan           nan         nan         nan       nan       nan
        0        111       0   0.000  0.000      0       nan           nan         nan         nan       nan       nan
        0        112       0   0.000  0.000      0       nan           nan         nan         nan       nan       nan
        0        114       0   0.000  0.000      0       nan           nan         nan         nan       nan       nan
        0        115       0   0.000  0.000      0       nan           nan         nan         nan       nan       nan
        0        116       0   0.000  0.000      0       nan           nan         nan         nan       nan       nan
        0        117       0   0.000  0.000      0       nan           nan         nan         nan       nan       nan
        0        118       0   0.000  0.000      0       nan           nan         nan         nan       nan       nan
        0        119       0   0.000  0.000      0       nan           nan         nan         nan       nan       nan
        0        121       0   0.000  0.000      0       nan           nan         nan         nan       nan       nan
        0        122       0   0.000  0.000      0       nan           nan         nan         nan       nan       nan
        0        123       0   0.000  0.000      0       nan           nan         nan         nan       nan       nan
        0        125       0   0.000  0.000      0       nan           nan         nan         nan       nan       nan
        0        126       0   0.000  0.000      0       nan           nan         nan         nan       nan       nan
        0        127       0   0.000  0.000      0       nan           nan         nan         nan       nan       nan
        0        129       0   0.000  0.000      0       nan           nan         nan         nan       nan       nan
        0        131       0   0.000  0.000      0       nan           nan         nan         nan       nan       nan
        0        132       0   0.000  0.000      0       nan           nan         nan         nan       nan       nan
        0        133       0   0.000  0.000      0       nan           nan         nan         nan       nan       nan
        0        134       0   0.000  0.000      0       nan           nan         nan         nan       nan       nan
        0        135       0   0.000  0.000      0       nan           nan         nan         nan       nan       nan
        0        136       0   0.000  0.000      0       nan           nan         nan         nan       nan       nan
        0        137       0   0.000  0.000      0       nan           nan         nan         nan       nan       nan
        0        138       0   0.000  0.000      0       nan           nan         nan         nan       nan       nan
        0        140       0   0.000  0.000      0       nan           nan         nan         nan       nan       nan
        0        141       0   0.000  0.000      0       nan           nan         nan         nan       nan       nan
        0        142       0   0.000  0.000      0       nan           nan         nan         nan       nan       nan
        0        143       0   0.000  0.000      0       nan           nan         nan         nan       nan       nan
        0        144       0   0.000  0.000      0       nan           nan         nan         nan       nan       nan
        0        145       0   0.000  0.000      0       nan           nan         nan         nan       nan       nan
        0        146       0   0.000  0.000      0       nan           nan         nan         nan       nan       nan
        0        148       0   0.000  0.000      0       nan           nan         nan         nan       nan       nan
        0        150       0   0.000  0.000      0       nan           nan         nan         nan       nan       nan
        0        151       0   0.000  0.000      0       nan           nan         nan         nan       nan       nan
        0        152       0   0.000  0.000      0       nan           nan         nan         nan       nan       nan
        0        153       0   0.000  0.000      0       nan           nan         nan         nan       nan       nan
        0        158       0   0.000  0.000      0       nan           nan         nan         nan       nan       nan
        0        160       0   0.000  0.000      0       nan           nan         nan         nan       nan       nan
        0        162       0   0.000  0.000      0       nan           nan         nan         nan       nan       nan
        0        164       0   0.000  0.000      0       nan           nan         nan         nan       nan       nan
        0        167       0   0.000  0.000      0       nan           nan         nan         nan       nan       nan
        0        168       0   0.000  0.000      0       nan           nan         nan         nan       nan       nan
        0        169       0   0.000  0.000      0       nan           nan         nan         nan       nan       nan
        0        170       0   0.000  0.000      0       nan           nan         nan         nan       nan       nan
        0        172       0   0.000  0.000      0       nan           nan         nan         nan       nan       nan
        0        175       0   0.000  0.000      0       nan           nan         nan         nan       nan       nan
        0        176       0   0.000  0.000      0       nan           nan         nan         nan       nan       nan
        0        177       0   0.000  0.000      0       nan           nan         nan         nan       nan       nan
        0        179       0   0.000  0.000      0       nan           nan         nan         nan       nan       nan
        0        180       0   0.000  0.000      0       nan           nan         nan         nan       nan       nan
        0        181       0   0.000  0.000      0       nan           nan         nan         nan       nan       nan
        0        185       0   0.000  0.000      0       nan           nan         nan         nan       nan       nan
        0        186       0   0.000  0.000      0       nan           nan         nan         nan       nan       nan
        0        188       0   0.000  0.000      0       nan           nan         nan         nan       nan       nan
        0        191       0   0.000  0.000      0       nan           nan         nan         nan       nan       nan
        0        192       0   0.000  0.000      0       nan           nan         nan         nan       nan       nan
        0        193       0   0.000  0.000      0       nan           nan         nan         nan       nan       nan
        0        194       0   0.000  0.000      0       nan           nan         nan         nan       nan       nan
        0        196       0   0.000  0.000      0       nan           nan         nan         nan       nan       nan
        0        198       0   0.000  0.000      0       nan           nan         nan         nan       nan       nan
        0        199       0   0.000  0.000      0       nan           nan         nan         nan       nan       nan
        0        203       0   0.000  0.000      0       nan           nan         nan         nan       nan       nan
        0        204       0   0.000  0.000      0       nan           nan         nan         nan       nan       nan
        0        205       0   0.000  0.000      0       nan           nan         nan         nan       nan       nan
        0        206       0   0.000  0.000      0       nan           nan         nan         nan       nan       nan
        0        208       0   0.000  0.000      0       nan           nan         nan         nan       nan       nan
        0        209       0   0.000  0.000      0       nan           nan         nan         nan       nan       nan
        0        211       0   0.000  0.000      0       nan           nan         nan         nan       nan       nan
        0        212       0   0.000  0.000      0       nan           nan         nan         nan       nan       nan
        0        213       0   0.000  0.000      0       nan           nan         nan         nan       nan       nan
        0        214       0   0.000  0.000      0       nan           nan         nan         nan       nan       nan
        0        215       0   0.000  0.000      0       nan           nan         nan         nan       nan       nan
        0        216       0   0.000  0.000      0       nan           nan         nan         nan       nan       nan
        0        218       0   0.000  0.000      0       nan           nan         nan         nan       nan       nan
        0        219       0   0.000  0.000      0       nan           nan         nan         nan       nan       nan
        0        220       0   0.000  0.000      0       nan           nan         nan         nan       nan       nan
        0        221       0   0.000  0.000      0       nan           nan         nan         nan       nan       nan
        0        222       0   0.000  0.000      0       nan           nan         nan         nan       nan       nan
        0        224       0   0.000  0.000      0       nan           nan         nan         nan       nan       nan
        0        225       0   0.000  0.000      0       nan           nan         nan         nan       nan       nan
        0        226       0   0.000  0.000      0       nan           nan         nan         nan       nan       nan
        0        230       0   0.000  0.000      0       nan           nan         nan         nan       nan       nan
        0        231       0   0.000  0.000      0       nan           nan         nan         nan       nan       nan
        0        232       0   0.000  0.000      0       nan           nan         nan         nan       nan       nan
        0        233       0   0.000  0.000      0       nan           nan         nan         nan       nan       nan
        0        236       0   0.000  0.000      0       nan           nan         nan         nan       nan       nan
        0        238       0   0.000  0.000      0       nan           nan         nan         nan       nan       nan
        0        241       0   0.000  0.000      0       nan           nan         nan         nan       nan       nan
        0        242       0   0.000  0.000      0       nan           nan         nan         nan       nan       nan
        0        244       0   0.000  0.000      0       nan           nan         nan         nan       nan       nan
        0        245       0   0.000  0.000      0       nan           nan         nan         nan       nan       nan
        0        246       0   0.000  0.000      0       nan           nan         nan         nan       nan       nan
        0        247       0   0.000  0.000      0       nan           nan         nan         nan       nan       nan
        0        248       0   0.000  0.000      0       nan           nan         nan         nan       nan       nan
        0        249       0   0.000  0.000      0       nan           nan         nan         nan       nan       nan
        0        250       0   0.000  0.000      0       nan           nan         nan         nan       nan       nan
        0        251       0   0.000  0.000      0       nan           nan         nan         nan       nan       nan
        0        253       0   0.000  0.000      0       nan           nan         nan         nan       nan       nan
        0        254       0   0.000  0.000      0       nan           nan         nan         nan       nan       nan
        0        255       0   0.000  0.000      0       nan           nan         nan         nan       nan       nan
        0        257       0   0.000  0.000      0       nan           nan         nan         nan       nan       nan
        0        258       0   0.000  0.000      0       nan           nan         nan         nan       nan       nan
        0        259       0   0.000  0.000      0       nan           nan         nan         nan       nan       nan
        0        262       0   0.000  0.000      0       nan           nan         nan         nan       nan       nan
        0        264       0   0.000  0.000      0       nan           nan         nan         nan       nan       nan
        0        265       0   0.000  0.000      0       nan           nan         nan         nan       nan       nan
        0        266       0   0.000  0.000      0       nan           nan         nan         nan       nan       nan
        0        267       0   0.000  0.000      0       nan           nan         nan         nan       nan       nan
        0        268       0   0.000  0.000      0       nan           nan         nan         nan       nan       nan
        0        269       0   0.000  0.000      0       nan           nan         nan         nan       nan       nan
        0        272       0   0.000  0.000      0       nan           nan         nan         nan       nan       nan
        0        273       0   0.000  0.000      0       nan           nan         nan         nan       nan       nan
        0        274       0   0.000  0.000      0       nan           nan         nan         nan       nan       nan
        0        276       0   0.000  0.000      0       nan           nan         nan         nan       nan       nan
        0        278       0   0.000  0.000      0       nan           nan         nan         nan       nan       nan
        0        279       0   0.000  0.000      0       nan           nan         nan         nan       nan       nan
        0        280       0   0.000  0.000      0       nan           nan         nan         nan       nan       nan
        0        281       0   0.000  0.000      0       nan           nan         nan         nan       nan       nan
        0        283       0   0.000  0.000      0       nan           nan         nan         nan       nan       nan
        0        284       0   0.000  0.000      0       nan           nan         nan         nan       nan       nan
        0        288       0   0.000  0.000      0       nan           nan         nan         nan       nan       nan
        0        289       0   0.000  0.000      0       nan           nan         nan         nan       nan       nan
        0        290       0   0.000  0.000      0       nan           nan         nan         nan       nan       nan
        0        294       0   0.000  0.000      0       nan           nan         nan         nan       nan       nan
        0        299       0   0.000  0.000      0       nan           nan         nan         nan       nan       nan
        0        300       0   0.000  0.000      0       nan           nan         nan         nan       nan       nan
        0        301       0   0.000  0.000      0       nan           nan         nan         nan       nan       nan
        0        302       0   0.000  0.000      0       nan           nan         nan         nan       nan       nan
        0        303       0   0.000  0.000      0       nan           nan         nan         nan       nan       nan
        0        305       0   0.000  0.000      0       nan           nan         nan         nan       nan       nan
        0        306       0   0.000  0.000      0       nan           nan         nan         nan       nan       nan
        0        307       0   0.000  0.000      0       nan           nan         nan         nan       nan       nan
        0        309       0   0.000  0.000      0       nan           nan         nan         nan       nan       nan
        0        313       0   0.000  0.000      0       nan           nan         nan         nan       nan       nan
        0        314       0   0.000  0.000      0       nan           nan         nan         nan       nan       nan
        0        315       0   0.000  0.000      0       nan           nan         nan         nan       nan       nan
        0        316       0   0.000  0.000      0       nan           nan         nan         nan       nan       nan
        0        317       0   0.000  0.000      0       nan           nan         nan         nan       nan       nan
        0        318       0   0.000  0.000      0       nan           nan         nan         nan       nan       nan
        0        319       0   0.000  0.000      0       nan           nan         nan         nan       nan       nan
        0        321       0   0.000  0.000      0       nan           nan         nan         nan       nan       nan
        0        322       0   0.000  0.000      0       nan           nan         nan         nan       nan       nan
        0        326       0   0.000  0.000      0       nan           nan         nan         nan       nan       nan
        0        327       0   0.000  0.000      0       nan           nan         nan         nan       nan       nan
        0        328       0   0.000  0.000      0       nan           nan         nan         nan       nan       nan
        0        329       0   0.000  0.000      0       nan           nan         nan         nan       nan       nan
        0        330       0   0.000  0.000      0       nan           nan         nan         nan       nan       nan
        0        332       0   0.000  0.000      0       nan           nan         nan         nan       nan       nan
        0        334       0   0.000  0.000      0       nan           nan         nan         nan       nan       nan
        0        335       0   0.000  0.000      0       nan           nan         nan         nan       nan       nan
        0        336       0   0.000  0.000      0       nan           nan         nan         nan       nan       nan
        0        338       0   0.000  0.000      0       nan           nan         nan         nan       nan       nan
        0        339       0   0.000  0.000      0       nan           nan         nan         nan       nan       nan
        0        341       0   0.000  0.000      0       nan           nan         nan         nan       nan       nan
        0        343       0   0.000  0.000      0       nan           nan         nan         nan       nan       nan
        0        346       0   0.000  0.000      0       nan           nan         nan         nan       nan       nan
        0        347       0   0.000  0.000      0       nan           nan         nan         nan       nan       nan
        0        348       0   0.000  0.000      0       nan           nan         nan         nan       nan       nan
        0        349       0   0.000  0.000      0       nan           nan         nan         nan       nan       nan
        0        351       0   0.000  0.000      0       nan           nan         nan         nan       nan       nan
        0        353       0   0.000  0.000      0       nan           nan         nan         nan       nan       nan
        0        354       0   0.000  0.000      0       nan           nan         nan         nan       nan       nan
        0        355       0   0.000  0.000      0       nan           nan         nan         nan       nan       nan
        0        356       0   0.000  0.000      0       nan           nan         nan         nan       nan       nan
        0        358       0   0.000  0.000      0       nan           nan         nan         nan       nan       nan
        0        359       0   0.000  0.000      0       nan           nan         nan         nan       nan       nan
        0        360       0   0.000  0.000      0       nan           nan         nan         nan       nan       nan
        0        362       0   0.000  0.000      0       nan           nan         nan         nan       nan       nan
        0        363       0   0.000  0.000      0       nan           nan         nan         nan       nan       nan
        0        364       0   0.000  0.000      0       nan           nan         nan         nan       nan       nan
        0        366       0   0.000  0.000      0       nan           nan         nan         nan       nan       nan
        0        367       0   0.000  0.000      0       nan           nan         nan         nan       nan       nan
        0        369       0   0.000  0.000      0       nan           nan         nan         nan       nan       nan
        0        371       0   0.000  0.000      0       nan           nan         nan         nan       nan       nan
        0        373       0   0.000  0.000      0       nan           nan         nan         nan       nan       nan
        0        374       0   0.000  0.000      0       nan           nan         nan         nan       nan       nan
        0        375       0   0.000  0.000      0       nan           nan         nan         nan       nan       nan
        0        376       0   0.000  0.000      0       nan           nan         nan         nan       nan       nan
        0        377       0   0.000  0.000      0       nan           nan         nan         nan       nan       nan
        0        379       0   0.000  0.000      0       nan           nan         nan         nan       nan       nan
        0        380       0   0.000  0.000      0       nan           nan         nan         nan       nan       nan
        0        382       0   0.000  0.000      0       nan           nan         nan         nan       nan       nan
        1        301       0   0.003  0.260    180     1.834          54.4       145.6        20.0      20.7      38.1
        1        321       0   0.002  0.212    208     1.542          61.5       148.5        30.0      22.6      34.9
        1        129       0   0.002  0.584    444     4.000          82.6       142.6        60.0      20.7      83.0
        1        127       0   0.001  0.240    552     2.181          77.3       142.7        40.0      20.7      45.3
        1         20       0   0.001  0.131    692     2.181          58.3       141.7        20.0      20.7      45.3
        1        203       0   0.001  0.043     80     1.542          30.0       150.0         0.0      22.6      34.9
        1         32       0   0.001  0.079    448     1.913          76.2       143.8        40.0      21.7      41.5
        1         94       0   0.000  0.173    492     4.362          87.7       142.3        50.0      20.7      90.5
        1         12       0   0.000  0.015    216     2.000          31.6       148.4         0.0      22.6      45.3
        1        158       0   0.000  0.058     40     3.668          80.0       150.0        70.0      22.6      83.0
        1          2       0   0.000  0.013    692     2.181          68.3       141.7        30.0      20.7      45.3
        1          3       0   0.000  0.010    460     1.834          66.5       143.5        30.0      20.7      38.1
        1          0       0   0.000  0.012    692     2.828          58.3       141.7        20.0      20.7      58.7
        1          1       0   0.000  0.010    692     2.378          68.3       141.7        30.0      20.7      49.4
        1          5       0   0.000  0.015    556     5.187          77.9       142.1        40.0      20.7     107.6
        1          4       0   0.000  0.000      4     1.414          80.0       150.0        50.0      22.6      32.0
        1          6       0   0.000  0.000      0       nan           nan         nan         nan       nan       nan
        1          7       0   0.000  0.000      0       nan           nan         nan         nan       nan       nan
        1          8       0   0.000  0.000      0       nan           nan         nan         nan       nan       nan
        1          9       0   0.000  0.000      0       nan           nan         nan         nan       nan       nan
        1         10       0   0.000  0.000      0       nan           nan         nan         nan       nan       nan
        1         11       0   0.000  0.000      0       nan           nan         nan         nan       nan       nan
        1         13       0   0.000  0.000      0       nan           nan         nan         nan       nan       nan
        1         14       0   0.000  0.000      0       nan           nan         nan         nan       nan       nan
        1         15       0   0.000  0.000      0       nan           nan         nan         nan       nan       nan
        1         16       0   0.000  0.000      0       nan           nan         nan         nan       nan       nan
        1         17       0   0.000  0.000      0       nan           nan         nan         nan       nan       nan
        1         18       0   0.000  0.000      0       nan           nan         nan         nan       nan       nan
        1         19       0   0.000  0.000      0       nan           nan         nan         nan       nan       nan
        1         21       0   0.000  0.000      0       nan           nan         nan         nan       nan       nan
        1         22       0   0.000  0.000      0       nan           nan         nan         nan       nan       nan
        1         23       0   0.000  0.000      0       nan           nan         nan         nan       nan       nan
        1         24       0   0.000  0.000      0       nan           nan         nan         nan       nan       nan
        1         25       0   0.000  0.000      0       nan           nan         nan         nan       nan       nan
        1         26       0   0.000  0.000      0       nan           nan         nan         nan       nan       nan
        1         27       0   0.000  0.000      0       nan           nan         nan         nan       nan       nan
        1         28       0   0.000  0.000      0       nan           nan         nan         nan       nan       nan
        1         29       0   0.000  0.000      0       nan           nan         nan         nan       nan       nan
        1         30       0   0.000  0.000      0       nan           nan         nan         nan       nan       nan
        1         31       0   0.000  0.000      0       nan           nan         nan         nan       nan       nan
        1         33       0   0.000  0.000      0       nan           nan         nan         nan       nan       nan
        1         34       0   0.000  0.000      0       nan           nan         nan         nan       nan       nan
        1         35       0   0.000  0.000      0       nan           nan         nan         nan       nan       nan
        1         36       0   0.000  0.000      0       nan           nan         nan         nan       nan       nan
        1         37       0   0.000  0.000      0       nan           nan         nan         nan       nan       nan
        1         38       0   0.000  0.000      0       nan           nan         nan         nan       nan       nan
        1         39       0   0.000  0.000      0       nan           nan         nan         nan       nan       nan
        1         40       0   0.000  0.000      0       nan           nan         nan         nan       nan       nan
        1         41       0   0.000  0.000      0       nan           nan         nan         nan       nan       nan
        1         42       0   0.000  0.000      0       nan           nan         nan         nan       nan       nan
        1         43       0   0.000  0.000      0       nan           nan         nan         nan       nan       nan
        1         44       0   0.000  0.000      0       nan           nan         nan         nan       nan       nan
        1         45       0   0.000  0.000      0       nan           nan         nan         nan       nan       nan
        1         46       0   0.000  0.000      0       nan           nan         nan         nan       nan       nan
        1         47       0   0.000  0.000      0       nan           nan         nan         nan       nan       nan
        1         48       0   0.000  0.000      0       nan           nan         nan         nan       nan       nan
        1         49       0   0.000  0.000      0       nan           nan         nan         nan       nan       nan
        1         50       0   0.000  0.000      0       nan           nan         nan         nan       nan       nan
        1         51       0   0.000  0.000      0       nan           nan         nan         nan       nan       nan
        1         52       0   0.000  0.000      0       nan           nan         nan         nan       nan       nan
        1         53       0   0.000  0.000      0       nan           nan         nan         nan       nan       nan
        1         54       0   0.000  0.000      0       nan           nan         nan         nan       nan       nan
        1         55       0   0.000  0.000      0       nan           nan         nan         nan       nan       nan
        1         56       0   0.000  0.000      0       nan           nan         nan         nan       nan       nan
        1         57       0   0.000  0.000      0       nan           nan         nan         nan       nan       nan
        1         58       0   0.000  0.000      0       nan           nan         nan         nan       nan       nan
        1         59       0   0.000  0.000      0       nan           nan         nan         nan       nan       nan
        1         60       0   0.000  0.000      0       nan           nan         nan         nan       nan       nan
        1         61       0   0.000  0.000      0       nan           nan         nan         nan       nan       nan
        1         62       0   0.000  0.000      0       nan           nan         nan         nan       nan       nan
        1         63       0   0.000  0.000      0       nan           nan         nan         nan       nan       nan
        1         64       0   0.000  0.000      0       nan           nan         nan         nan       nan       nan
        1         65       0   0.000  0.000      0       nan           nan         nan         nan       nan       nan
        1         66       0   0.000  0.000      0       nan           nan         nan         nan       nan       nan
        1         67       0   0.000  0.000      0       nan           nan         nan         nan       nan       nan
        1         68       0   0.000  0.000      0       nan           nan         nan         nan       nan       nan
        1         69       0   0.000  0.000      0       nan           nan         nan         nan       nan       nan
        1         70       0   0.000  0.000      0       nan           nan         nan         nan       nan       nan
        1         71       0   0.000  0.000      0       nan           nan         nan         nan       nan       nan
        1         72       0   0.000  0.000      0       nan           nan         nan         nan       nan       nan
        1         73       0   0.000  0.000      0       nan           nan         nan         nan       nan       nan
        1         74       0   0.000  0.000      0       nan           nan         nan         nan       nan       nan
        1         75       0   0.000  0.000      0       nan           nan         nan         nan       nan       nan
        1         76       0   0.000  0.000      0       nan           nan         nan         nan       nan       nan
        1         77       0   0.000  0.000      0       nan           nan         nan         nan       nan       nan
        1         78       0   0.000  0.000      0       nan           nan         nan         nan       nan       nan
        1         79       0   0.000  0.000      0       nan           nan         nan         nan       nan       nan
        1         80       0   0.000  0.000      0       nan           nan         nan         nan       nan       nan
        1         81       0   0.000  0.000      0       nan           nan         nan         nan       nan       nan
        1         82       0   0.000  0.000      0       nan           nan         nan         nan       nan       nan
        1         83       0   0.000  0.000      0       nan           nan         nan         nan       nan       nan
        1         84       0   0.000  0.000      0       nan           nan         nan         nan       nan       nan
        1         85       0   0.000  0.000      0       nan           nan         nan         nan       nan       nan
        1         86       0   0.000  0.000      0       nan           nan         nan         nan       nan       nan
        1         87       0   0.000  0.000      0       nan           nan         nan         nan       nan       nan
        1         88       0   0.000  0.000      0       nan           nan         nan         nan       nan       nan
        1         89       0   0.000  0.000      0       nan           nan         nan         nan       nan       nan
        1         90       0   0.000  0.000      0       nan           nan         nan         nan       nan       nan
        1         91       0   0.000  0.000      0       nan           nan         nan         nan       nan       nan
        1         92       0   0.000  0.000      0       nan           nan         nan         nan       nan       nan
        1         93       0   0.000  0.000      0       nan           nan         nan         nan       nan       nan
        1         95       0   0.000  0.000      0       nan           nan         nan         nan       nan       nan
        1         96       0   0.000  0.000      0       nan           nan         nan         nan       nan       nan
        1         97       0   0.000  0.000      0       nan           nan         nan         nan       nan       nan
        1         98       0   0.000  0.000      0       nan           nan         nan         nan       nan       nan
        1         99       0   0.000  0.000      0       nan           nan         nan         nan       nan       nan
        1        100       0   0.000  0.000      0       nan           nan         nan         nan       nan       nan
        1        101       0   0.000  0.000      0       nan           nan         nan         nan       nan       nan
        1        102       0   0.000  0.000      0       nan           nan         nan         nan       nan       nan
        1        103       0   0.000  0.000      0       nan           nan         nan         nan       nan       nan
        1        104       0   0.000  0.000      0       nan           nan         nan         nan       nan       nan
        1        105       0   0.000  0.000      0       nan           nan         nan         nan       nan       nan
        1        106       0   0.000  0.000      0       nan           nan         nan         nan       nan       nan
        1        107       0   0.000  0.000      0       nan           nan         nan         nan       nan       nan
        1        108       0   0.000  0.000      0       nan           nan         nan         nan       nan       nan
        1        109       0   0.000  0.000      0       nan           nan         nan         nan       nan       nan
        1        110       0   0.000  0.000      0       nan           nan         nan         nan       nan       nan
        1        111       0   0.000  0.000      0       nan           nan         nan         nan       nan       nan
        1        112       0   0.000  0.000      0       nan           nan         nan         nan       nan       nan
        1        113       0   0.000  0.000      0       nan           nan         nan         nan       nan       nan
        1        114       0   0.000  0.000      0       nan           nan         nan         nan       nan       nan
        1        115       0   0.000  0.000      0       nan           nan         nan         nan       nan       nan
        1        116       0   0.000  0.000      0       nan           nan         nan         nan       nan       nan
        1        117       0   0.000  0.000      0       nan           nan         nan         nan       nan       nan
        1        118       0   0.000  0.000      0       nan           nan         nan         nan       nan       nan
        1        119       0   0.000  0.000      0       nan           nan         nan         nan       nan       nan
        1        120       0   0.000  0.000      0       nan           nan         nan         nan       nan       nan
        1        121       0   0.000  0.000      0       nan           nan         nan         nan       nan       nan
        1        122       0   0.000  0.000      0       nan           nan         nan         nan       nan       nan
        1        123       0   0.000  0.000      0       nan           nan         nan         nan       nan       nan
        1        124       0   0.000  0.000      0       nan           nan         nan         nan       nan       nan
        1        125       0   0.000  0.000      0       nan           nan         nan         nan       nan       nan
        1        126       0   0.000  0.000      0       nan           nan         nan         nan       nan       nan
        1        128       0   0.000  0.000      0       nan           nan         nan         nan       nan       nan
        1        130       0   0.000  0.000      0       nan           nan         nan         nan       nan       nan
        1        131       0   0.000  0.000      0       nan           nan         nan         nan       nan       nan
        1        132       0   0.000  0.000      0       nan           nan         nan         nan       nan       nan
        1        133       0   0.000  0.000      0       nan           nan         nan         nan       nan       nan
        1        134       0   0.000  0.000      0       nan           nan         nan         nan       nan       nan
        1        135       0   0.000  0.000      0       nan           nan         nan         nan       nan       nan
        1        136       0   0.000  0.000      0       nan           nan         nan         nan       nan       nan
        1        137       0   0.000  0.000      0       nan           nan         nan         nan       nan       nan
        1        138       0   0.000  0.000      0       nan           nan         nan         nan       nan       nan
        1        139       0   0.000  0.000      0       nan           nan         nan         nan       nan       nan
        1        140       0   0.000  0.000      0       nan           nan         nan         nan       nan       nan
        1        141       0   0.000  0.000      0       nan           nan         nan         nan       nan       nan
        1        142       0   0.000  0.000      0       nan           nan         nan         nan       nan       nan
        1        143       0   0.000  0.000      0       nan           nan         nan         nan       nan       nan
        1        144       0   0.000  0.000      0       nan           nan         nan         nan       nan       nan
        1        145       0   0.000  0.000      0       nan           nan         nan         nan       nan       nan
        1        146       0   0.000  0.000      0       nan           nan         nan         nan       nan       nan
        1        147       0   0.000  0.000      0       nan           nan         nan         nan       nan       nan
        1        148       0   0.000  0.000      0       nan           nan         nan         nan       nan       nan
        1        149       0   0.000  0.000      0       nan           nan         nan         nan       nan       nan
        1        150       0   0.000  0.000      0       nan           nan         nan         nan       nan       nan
        1        151       0   0.000  0.000      0       nan           nan         nan         nan       nan       nan
        1        152       0   0.000  0.000      0       nan           nan         nan         nan       nan       nan
        1        153       0   0.000  0.000      0       nan           nan         nan         nan       nan       nan
        1        154       0   0.000  0.000      0       nan           nan         nan         nan       nan       nan
        1        155       0   0.000  0.000      0       nan           nan         nan         nan       nan       nan
        1        156       0   0.000  0.000      0       nan           nan         nan         nan       nan       nan
        1        157       0   0.000  0.000      0       nan           nan         nan         nan       nan       nan
        1        159       0   0.000  0.000      0       nan           nan         nan         nan       nan       nan
        1        160       0   0.000  0.000      0       nan           nan         nan         nan       nan       nan
        1        161       0   0.000  0.000      0       nan           nan         nan         nan       nan       nan
        1        162       0   0.000  0.000      0       nan           nan         nan         nan       nan       nan
        1        163       0   0.000  0.000      0       nan           nan         nan         nan       nan       nan
        1        164       0   0.000  0.000      0       nan           nan         nan         nan       nan       nan
        1        165       0   0.000  0.000      0       nan           nan         nan         nan       nan       nan
        1        166       0   0.000  0.000      0       nan           nan         nan         nan       nan       nan
        1        167       0   0.000  0.000      0       nan           nan         nan         nan       nan       nan
        1        168       0   0.000  0.000      0       nan           nan         nan         nan       nan       nan
        1        169       0   0.000  0.000      0       nan           nan         nan         nan       nan       nan
        1        170       0   0.000  0.000      0       nan           nan         nan         nan       nan       nan
        1        171       0   0.000  0.000      0       nan           nan         nan         nan       nan       nan
        1        172       0   0.000  0.000      0       nan           nan         nan         nan       nan       nan
        1        173       0   0.000  0.000      0       nan           nan         nan         nan       nan       nan
        1        174       0   0.000  0.000      0       nan           nan         nan         nan       nan       nan
        1        175       0   0.000  0.000      0       nan           nan         nan         nan       nan       nan
        1        176       0   0.000  0.000      0       nan           nan         nan         nan       nan       nan
        1        177       0   0.000  0.000      0       nan           nan         nan         nan       nan       nan
        1        178       0   0.000  0.000      0       nan           nan         nan         nan       nan       nan
        1        179       0   0.000  0.000      0       nan           nan         nan         nan       nan       nan
        1        180       0   0.000  0.000      0       nan           nan         nan         nan       nan       nan
        1        181       0   0.000  0.000      0       nan           nan         nan         nan       nan       nan
        1        182       0   0.000  0.000      0       nan           nan         nan         nan       nan       nan
        1        183       0   0.000  0.000      0       nan           nan         nan         nan       nan       nan
        1        184       0   0.000  0.000      0       nan           nan         nan         nan       nan       nan
        1        185       0   0.000  0.000      0       nan           nan         nan         nan       nan       nan
        1        186       0   0.000  0.000      0       nan           nan         nan         nan       nan       nan
        1        187       0   0.000  0.000      0       nan           nan         nan         nan       nan       nan
        1        188       0   0.000  0.000      0       nan           nan         nan         nan       nan       nan
        1        189       0   0.000  0.000      0       nan           nan         nan         nan       nan       nan
        1        190       0   0.000  0.000      0       nan           nan         nan         nan       nan       nan
        1        191       0   0.000  0.000      0       nan           nan         nan         nan       nan       nan
        1        192       0   0.000  0.000      0       nan           nan         nan         nan       nan       nan
        1        193       0   0.000  0.000      0       nan           nan         nan         nan       nan       nan
        1        194       0   0.000  0.000      0       nan           nan         nan         nan       nan       nan
        1        195       0   0.000  0.000      0       nan           nan         nan         nan       nan       nan
        1        196       0   0.000  0.000      0       nan           nan         nan         nan       nan       nan
        1        197       0   0.000  0.000      0       nan           nan         nan         nan       nan       nan
        1        198       0   0.000  0.000      0       nan           nan         nan         nan       nan       nan
        1        199       0   0.000  0.000      0       nan           nan         nan         nan       nan       nan
        1        200       0   0.000  0.000      0       nan           nan         nan         nan       nan       nan
        1        201       0   0.000  0.000      0       nan           nan         nan         nan       nan       nan
        1        202       0   0.000  0.000      0       nan           nan         nan         nan       nan       nan
        1        204       0   0.000  0.000      0       nan           nan         nan         nan       nan       nan
        1        205       0   0.000  0.000      0       nan           nan         nan         nan       nan       nan
        1        206       0   0.000  0.000      0       nan           nan         nan         nan       nan       nan
        1        207       0   0.000  0.000      0       nan           nan         nan         nan       nan       nan
        1        208       0   0.000  0.000      0       nan           nan         nan         nan       nan       nan
        1        209       0   0.000  0.000      0       nan           nan         nan         nan       nan       nan
        1        210       0   0.000  0.000      0       nan           nan         nan         nan       nan       nan
        1        211       0   0.000  0.000      0       nan           nan         nan         nan       nan       nan
        1        212       0   0.000  0.000      0       nan           nan         nan         nan       nan       nan
        1        213       0   0.000  0.000      0       nan           nan         nan         nan       nan       nan
        1        214       0   0.000  0.000      0       nan           nan         nan         nan       nan       nan
        1        215       0   0.000  0.000      0       nan           nan         nan         nan       nan       nan
        1        216       0   0.000  0.000      0       nan           nan         nan         nan       nan       nan
        1        217       0   0.000  0.000      0       nan           nan         nan         nan       nan       nan
        1        218       0   0.000  0.000      0       nan           nan         nan         nan       nan       nan
        1        219       0   0.000  0.000      0       nan           nan         nan         nan       nan       nan
        1        220       0   0.000  0.000      0       nan           nan         nan         nan       nan       nan
        1        221       0   0.000  0.000      0       nan           nan         nan         nan       nan       nan
        1        222       0   0.000  0.000      0       nan           nan         nan         nan       nan       nan
        1        223       0   0.000  0.000      0       nan           nan         nan         nan       nan       nan
        1        224       0   0.000  0.000      0       nan           nan         nan         nan       nan       nan
        1        225       0   0.000  0.000      0       nan           nan         nan         nan       nan       nan
        1        226       0   0.000  0.000      0       nan           nan         nan         nan       nan       nan
        1        227       0   0.000  0.000      0       nan           nan         nan         nan       nan       nan
        1        228       0   0.000  0.000      0       nan           nan         nan         nan       nan       nan
        1        229       0   0.000  0.000      0       nan           nan         nan         nan       nan       nan
        1        230       0   0.000  0.000      0       nan           nan         nan         nan       nan       nan
        1        231       0   0.000  0.000      0       nan           nan         nan         nan       nan       nan
        1        232       0   0.000  0.000      0       nan           nan         nan         nan       nan       nan
        1        233       0   0.000  0.000      0       nan           nan         nan         nan       nan       nan
        1        234       0   0.000  0.000      0       nan           nan         nan         nan       nan       nan
        1        235       0   0.000  0.000      0       nan           nan         nan         nan       nan       nan
        1        236       0   0.000  0.000      0       nan           nan         nan         nan       nan       nan
        1        237       0   0.000  0.000      0       nan           nan         nan         nan       nan       nan
        1        238       0   0.000  0.000      0       nan           nan         nan         nan       nan       nan
        1        239       0   0.000  0.000      0       nan           nan         nan         nan       nan       nan
        1        240       0   0.000  0.000      0       nan           nan         nan         nan       nan       nan
        1        241       0   0.000  0.000      0       nan           nan         nan         nan       nan       nan
        1        242       0   0.000  0.000      0       nan           nan         nan         nan       nan       nan
        1        243       0   0.000  0.000      0       nan           nan         nan         nan       nan       nan
        1        244       0   0.000  0.000      0       nan           nan         nan         nan       nan       nan
        1        245       0   0.000  0.000      0       nan           nan         nan         nan       nan       nan
        1        246       0   0.000  0.000      0       nan           nan         nan         nan       nan       nan
        1        247       0   0.000  0.000      0       nan           nan         nan         nan       nan       nan
        1        248       0   0.000  0.000      0       nan           nan         nan         nan       nan       nan
        1        249       0   0.000  0.000      0       nan           nan         nan         nan       nan       nan
        1        250       0   0.000  0.000      0       nan           nan         nan         nan       nan       nan
        1        251       0   0.000  0.000      0       nan           nan         nan         nan       nan       nan
        1        252       0   0.000  0.000      0       nan           nan         nan         nan       nan       nan
        1        253       0   0.000  0.000      0       nan           nan         nan         nan       nan       nan
        1        254       0   0.000  0.000      0       nan           nan         nan         nan       nan       nan
        1        255       0   0.000  0.000      0       nan           nan         nan         nan       nan       nan
        1        256       0   0.000  0.000      0       nan           nan         nan         nan       nan       nan
        1        257       0   0.000  0.000      0       nan           nan         nan         nan       nan       nan
        1        258       0   0.000  0.000      0       nan           nan         nan         nan       nan       nan
        1        259       0   0.000  0.000      0       nan           nan         nan         nan       nan       nan
        1        260       0   0.000  0.000      0       nan           nan         nan         nan       nan       nan
        1        261       0   0.000  0.000      0       nan           nan         nan         nan       nan       nan
        1        262       0   0.000  0.000      0       nan           nan         nan         nan       nan       nan
        1        263       0   0.000  0.000      0       nan           nan         nan         nan       nan       nan
        1        264       0   0.000  0.000      0       nan           nan         nan         nan       nan       nan
        1        265       0   0.000  0.000      0       nan           nan         nan         nan       nan       nan
        1        266       0   0.000  0.000      0       nan           nan         nan         nan       nan       nan
        1        267       0   0.000  0.000      0       nan           nan         nan         nan       nan       nan
        1        268       0   0.000  0.000      0       nan           nan         nan         nan       nan       nan
        1        269       0   0.000  0.000      0       nan           nan         nan         nan       nan       nan
        1        270       0   0.000  0.000      0       nan           nan         nan         nan       nan       nan
        1        271       0   0.000  0.000      0       nan           nan         nan         nan       nan       nan
        1        272       0   0.000  0.000      0       nan           nan         nan         nan       nan       nan
        1        273       0   0.000  0.000      0       nan           nan         nan         nan       nan       nan
        1        274       0   0.000  0.000      0       nan           nan         nan         nan       nan       nan
        1        275       0   0.000  0.000      0       nan           nan         nan         nan       nan       nan
        1        276       0   0.000  0.000      0       nan           nan         nan         nan       nan       nan
        1        277       0   0.000  0.000      0       nan           nan         nan         nan       nan       nan
        1        278       0   0.000  0.000      0       nan           nan         nan         nan       nan       nan
        1        279       0   0.000  0.000      0       nan           nan         nan         nan       nan       nan
        1        280       0   0.000  0.000      0       nan           nan         nan         nan       nan       nan
        1        281       0   0.000  0.000      0       nan           nan         nan         nan       nan       nan
        1        282       0   0.000  0.000      0       nan           nan         nan         nan       nan       nan
        1        283       0   0.000  0.000      0       nan           nan         nan         nan       nan       nan
        1        284       0   0.000  0.000      0       nan           nan         nan         nan       nan       nan
        1        285       0   0.000  0.000      0       nan           nan         nan         nan       nan       nan
        1        286       0   0.000  0.000      0       nan           nan         nan         nan       nan       nan
        1        287       0   0.000  0.000      0       nan           nan         nan         nan       nan       nan
        1        288       0   0.000  0.000      0       nan           nan         nan         nan       nan       nan
        1        289       0   0.000  0.000      0       nan           nan         nan         nan       nan       nan
        1        290       0   0.000  0.000      0       nan           nan         nan         nan       nan       nan
        1        291       0   0.000  0.000      0       nan           nan         nan         nan       nan       nan
        1        292       0   0.000  0.000      0       nan           nan         nan         nan       nan       nan
        1        293       0   0.000  0.000      0       nan           nan         nan         nan       nan       nan
        1        294       0   0.000  0.000      0       nan           nan         nan         nan       nan       nan
        1        295       0   0.000  0.000      0       nan           nan         nan         nan       nan       nan
        1        296       0   0.000  0.000      0       nan           nan         nan         nan       nan       nan
        1        297       0   0.000  0.000      0       nan           nan         nan         nan       nan       nan
        1        298       0   0.000  0.000      0       nan           nan         nan         nan       nan       nan
        1        299       0   0.000  0.000      0       nan           nan         nan         nan       nan       nan
        1        300       0   0.000  0.000      0       nan           nan         nan         nan       nan       nan
        1        302       0   0.000  0.000      0       nan           nan         nan         nan       nan       nan
        1        303       0   0.000  0.000      0       nan           nan         nan         nan       nan       nan
        1        304       0   0.000  0.000      0       nan           nan         nan         nan       nan       nan
        1        305       0   0.000  0.000      0       nan           nan         nan         nan       nan       nan
        1        306       0   0.000  0.000      0       nan           nan         nan         nan       nan       nan
        1        307       0   0.000  0.000      0       nan           nan         nan         nan       nan       nan
        1        308       0   0.000  0.000      0       nan           nan         nan         nan       nan       nan
        1        309       0   0.000  0.000      0       nan           nan         nan         nan       nan       nan
        1        310       0   0.000  0.000      0       nan           nan         nan         nan       nan       nan
        1        311       0   0.000  0.000      0       nan           nan         nan         nan       nan       nan
        1        312       0   0.000  0.000      0       nan           nan         nan         nan       nan       nan
        1        313       0   0.000  0.000      0       nan           nan         nan         nan       nan       nan
        1        314       0   0.000  0.000      0       nan           nan         nan         nan       nan       nan
        1        315       0   0.000  0.000      0       nan           nan         nan         nan       nan       nan
        1        316       0   0.000  0.000      0       nan           nan         nan         nan       nan       nan
        1        317       0   0.000  0.000      0       nan           nan         nan         nan       nan       nan
        1        318       0   0.000  0.000      0       nan           nan         nan         nan       nan       nan
        1        319       0   0.000  0.000      0       nan           nan         nan         nan       nan       nan
        1        320       0   0.000  0.000      0       nan           nan         nan         nan       nan       nan
        1        322       0   0.000  0.000      0       nan           nan         nan         nan       nan       nan
        1        323       0   0.000  0.000      0       nan           nan         nan         nan       nan       nan
        1        324       0   0.000  0.000      0       nan           nan         nan         nan       nan       nan
        1        325       0   0.000  0.000      0       nan           nan         nan         nan       nan       nan
        1        326       0   0.000  0.000      0       nan           nan         nan         nan       nan       nan
        1        327       0   0.000  0.000      0       nan           nan         nan         nan       nan       nan
        1        328       0   0.000  0.000      0       nan           nan         nan         nan       nan       nan
        1        329       0   0.000  0.000      0       nan           nan         nan         nan       nan       nan
        1        330       0   0.000  0.000      0       nan           nan         nan         nan       nan       nan
        1        331       0   0.000  0.000      0       nan           nan         nan         nan       nan       nan
        1        332       0   0.000  0.000      0       nan           nan         nan         nan       nan       nan
        1        333       0   0.000  0.000      0       nan           nan         nan         nan       nan       nan
        1        334       0   0.000  0.000      0       nan           nan         nan         nan       nan       nan
        1        335       0   0.000  0.000      0       nan           nan         nan         nan       nan       nan
        1        336       0   0.000  0.000      0       nan           nan         nan         nan       nan       nan
        1        337       0   0.000  0.000      0       nan           nan         nan         nan       nan       nan
        1        338       0   0.000  0.000      0       nan           nan         nan         nan       nan       nan
        1        339       0   0.000  0.000      0       nan           nan         nan         nan       nan       nan
        1        340       0   0.000  0.000      0       nan           nan         nan         nan       nan       nan
        1        341       0   0.000  0.000      0       nan           nan         nan         nan       nan       nan
        1        342       0   0.000  0.000      0       nan           nan         nan         nan       nan       nan
        1        343       0   0.000  0.000      0       nan           nan         nan         nan       nan       nan
        1        344       0   0.000  0.000      0       nan           nan         nan         nan       nan       nan
        1        345       0   0.000  0.000      0       nan           nan         nan         nan       nan       nan
        1        346       0   0.000  0.000      0       nan           nan         nan         nan       nan       nan
        1        347       0   0.000  0.000      0       nan           nan         nan         nan       nan       nan
        1        348       0   0.000  0.000      0       nan           nan         nan         nan       nan       nan
        1        349       0   0.000  0.000      0       nan           nan         nan         nan       nan       nan
        1        350       0   0.000  0.000      0       nan           nan         nan         nan       nan       nan
        1        351       0   0.000  0.000      0       nan           nan         nan         nan       nan       nan
        1        352       0   0.000  0.000      0       nan           nan         nan         nan       nan       nan
        1        353       0   0.000  0.000      0       nan           nan         nan         nan       nan       nan
        1        354       0   0.000  0.000      0       nan           nan         nan         nan       nan       nan
        1        355       0   0.000  0.000      0       nan           nan         nan         nan       nan       nan
        1        356       0   0.000  0.000      0       nan           nan         nan         nan       nan       nan
        1        357       0   0.000  0.000      0       nan           nan         nan         nan       nan       nan
        1        358       0   0.000  0.000      0       nan           nan         nan         nan       nan       nan
        1        359       0   0.000  0.000      0       nan           nan         nan         nan       nan       nan
        1        360       0   0.000  0.000      0       nan           nan         nan         nan       nan       nan
        1        361       0   0.000  0.000      0       nan           nan         nan         nan       nan       nan
        1        362       0   0.000  0.000      0       nan           nan         nan         nan       nan       nan
        1        363       0   0.000  0.000      0       nan           nan         nan         nan       nan       nan
        1        364       0   0.000  0.000      0       nan           nan         nan         nan       nan       nan
        1        365       0   0.000  0.000      0       nan           nan         nan         nan       nan       nan
        1        366       0   0.000  0.000      0       nan           nan         nan         nan       nan       nan
        1        367       0   0.000  0.000      0       nan           nan         nan         nan       nan       nan
        1        368       0   0.000  0.000      0       nan           nan         nan         nan       nan       nan
        1        369       0   0.000  0.000      0       nan           nan         nan         nan       nan       nan
        1        370       0   0.000  0.000      0       nan           nan         nan         nan       nan       nan
        1        371       0   0.000  0.000      0       nan           nan         nan         nan       nan       nan
        1        372       0   0.000  0.000      0       nan           nan         nan         nan       nan       nan
        1        373       0   0.000  0.000      0       nan           nan         nan         nan       nan       nan
        1        374       0   0.000  0.000      0       nan           nan         nan         nan       nan       nan
        1        375       0   0.000  0.000      0       nan           nan         nan         nan       nan       nan
        1        376       0   0.000  0.000      0       nan           nan         nan         nan       nan       nan
        1        377       0   0.000  0.000      0       nan           nan         nan         nan       nan       nan
        1        378       0   0.000  0.000      0       nan           nan         nan         nan       nan       nan
        1        379       0   0.000  0.000      0       nan           nan         nan         nan       nan       nan
        1        380       0   0.000  0.000      0       nan           nan         nan         nan       nan       nan
        1        381       0   0.000  0.000      0       nan           nan         nan         nan       nan       nan
        1        382       0   0.000  0.000      0       nan           nan         nan         nan       nan       nan
